   9.5246327e+00   1.7959647e+01   1.8213622e+01   1.7638082e+01
   9.5326614e+00   1.7675395e+01   1.7597360e+01   1.7174178e+01
   9.5406902e+00   1.7428387e+01   1.6968659e+01   1.6685204e+01
   9.5487190e+00   1.7018373e+01   1.6361148e+01   1.6197812e+01
   9.5567478e+00   1.6708078e+01   1.5792343e+01   1.5717023e+01
   9.5647765e+00   1.6421939e+01   1.5186510e+01   1.5257353e+01
   9.5728053e+00   1.6112538e+01   1.4624181e+01   1.4803377e+01
   9.5808341e+00   1.5853570e+01   1.4070696e+01   1.4349270e+01
   9.5888628e+00   1.5562872e+01   1.3521271e+01   1.3899934e+01
   9.5968916e+00   1.5257942e+01   1.2996310e+01   1.3469065e+01
   9.6049204e+00   1.4971004e+01   1.2476172e+01   1.3068606e+01
   9.6129492e+00   1.4772488e+01   1.2006068e+01   1.2670302e+01
   9.6209779e+00   1.4531289e+01   1.1524948e+01   1.2274066e+01
   9.6290067e+00   1.4206595e+01   1.1115448e+01   1.1887397e+01
   9.6370355e+00   1.4063507e+01   1.0705313e+01   1.1513225e+01
   9.6450643e+00   1.3882713e+01   1.0340440e+01   1.1180472e+01
   9.6530930e+00   1.3746838e+01   9.9701488e+00   1.0860828e+01
   9.6611218e+00   1.3402224e+01   9.6198400e+00   1.0557035e+01
   9.6691506e+00   1.3209330e+01   9.2652218e+00   1.0262990e+01
   9.6771793e+00   1.3075809e+01   8.9822329e+00   9.9981980e+00
   9.6852081e+00   1.2966396e+01   8.7421951e+00   9.7654528e+00
   9.6932369e+00   1.2861093e+01   8.5438636e+00   9.5386568e+00
   9.7012657e+00   1.2719297e+01   8.3679491e+00   9.3284934e+00
   9.7092944e+00   1.2639389e+01   8.2165287e+00   9.1496641e+00
   9.7173232e+00   1.2604473e+01   8.1013436e+00   9.0174658e+00
   9.7253520e+00   1.2483862e+01   7.9990500e+00   8.8970232e+00
   9.7333807e+00   1.2336483e+01   7.9093113e+00   8.7754896e+00
   9.7414095e+00   1.2270138e+01   7.8604945e+00   8.6899158e+00
   9.7494383e+00   1.2261593e+01   7.8368575e+00   8.6384495e+00
   9.7574671e+00   1.2257381e+01   7.8337077e+00   8.6160289e+00
   9.7654958e+00   1.2221360e+01   7.8356574e+00   8.5915628e+00
   9.7735246e+00   1.2238456e+01   7.9000020e+00   8.6124929e+00
   9.7815534e+00   1.2270279e+01   7.9774027e+00   8.6370493e+00
   9.7895821e+00   1.2335159e+01   8.0714579e+00   8.6982674e+00
   9.7976109e+00   1.2385338e+01   8.1855920e+00   8.7808481e+00
   9.8056397e+00   1.2462984e+01   8.3535987e+00   8.9016986e+00
   9.8136685e+00   1.2517921e+01   8.5459570e+00   9.0408058e+00
   9.8216972e+00   1.2604345e+01   8.7232031e+00   9.1731963e+00
   9.8297260e+00   1.2718221e+01   8.9377055e+00   9.3609603e+00
   9.8377548e+00   1.2834691e+01   9.1546354e+00   9.5209628e+00
   9.8457836e+00   1.2960468e+01   9.4117552e+00   9.7269608e+00
   9.8538123e+00   1.3116152e+01   9.6515000e+00   9.9286975e+00
   9.8618411e+00   1.3266493e+01   9.9195247e+00   1.0184455e+01
   9.8698699e+00   1.3472835e+01   1.0200088e+01   1.0421413e+01
   9.8778986e+00   1.3623980e+01   1.0521932e+01   1.0688619e+01
   9.8859274e+00   1.3808258e+01   1.0839576e+01   1.0962799e+01
   9.8939562e+00   1.3974770e+01   1.1148317e+01   1.1264780e+01
   9.9019850e+00   1.4189636e+01   1.1456965e+01   1.1572386e+01
   9.9100137e+00   1.4360291e+01   1.1781176e+01   1.1884135e+01
   9.9180425e+00   1.4565012e+01   1.2133206e+01   1.2208377e+01
   9.9260713e+00   1.4792665e+01   1.2490631e+01   1.2536189e+01
   9.9341000e+00   1.5041397e+01   1.2870570e+01   1.2886843e+01
   9.9421288e+00   1.5277009e+01   1.3241597e+01   1.3226962e+01
   9.9501576e+00   1.5551253e+01   1.3623998e+01   1.3575271e+01
   9.9581864e+00   1.5760118e+01   1.4002615e+01   1.3921221e+01
   9.9662151e+00   1.6003201e+01   1.4410295e+01   1.4305505e+01
   9.9742439e+00   1.6188523e+01   1.4818811e+01   1.4689386e+01
   9.9822727e+00   1.6456255e+01   1.5226212e+01   1.5066832e+01
   9.9903015e+00   1.6666553e+01   1.5622317e+01   1.5438462e+01
   9.9983302e+00   1.6915039e+01   1.6025147e+01   1.5823568e+01
   1.0006359e+01   1.7155913e+01   1.6434976e+01   1.6220970e+01
   1.0014388e+01   1.7419373e+01   1.6845828e+01   1.6611389e+01
   1.0022417e+01   1.7691695e+01   1.7247159e+01   1.6990716e+01
   1.0030445e+01   1.7956917e+01   1.7642498e+01   1.7364029e+01
   1.0038474e+01   1.8237052e+01   1.8049207e+01   1.7743172e+01
   1.0046503e+01   1.8394617e+01   1.8458554e+01   1.8120784e+01
   1.0054532e+01   1.8646667e+01   1.8867343e+01   1.8501409e+01
   1.0062560e+01   1.8942432e+01   1.9267665e+01   1.8886643e+01
   1.0070589e+01   1.9274100e+01   1.9672047e+01   1.9278160e+01
   1.0078618e+01   1.9390144e+01   2.0058582e+01   1.9652117e+01
   1.0086647e+01   1.9632169e+01   2.0432786e+01   2.0008837e+01
   1.0094675e+01   1.9735607e+01   2.0795687e+01   2.0361899e+01
   1.0102704e+01   2.0127735e+01   2.1170575e+01   2.0730605e+01
   1.0110733e+01   2.0290532e+01   2.1548654e+01   2.1090560e+01
   1.0118762e+01   2.0573406e+01   2.1910931e+01   2.1409868e+01
   1.0126791e+01   2.0666322e+01   2.2263994e+01   2.1717598e+01
   1.0134819e+01   2.0807845e+01   2.2615019e+01   2.2034027e+01
   1.0142848e+01   2.1038608e+01   2.2962242e+01   2.2352262e+01
   1.0150877e+01   2.1258540e+01   2.3287332e+01   2.2650478e+01
   1.0158906e+01   2.1441446e+01   2.3596869e+01   2.2938181e+01
   1.0166934e+01   2.1597250e+01   2.3896618e+01   2.3215460e+01
   1.0174963e+01   2.1765721e+01   2.4202990e+01   2.3498062e+01
   1.0182992e+01   2.1924461e+01   2.4483376e+01   2.3739210e+01
   1.0191021e+01   2.2068348e+01   2.4746839e+01   2.3971440e+01
   1.0199050e+01   2.2163228e+01   2.4996498e+01   2.4186629e+01
   1.0207078e+01   2.2276229e+01   2.5230877e+01   2.4391521e+01
   1.0215107e+01   2.2374108e+01   2.5462205e+01   2.4600512e+01
   1.0223136e+01   2.2529240e+01   2.5658923e+01   2.4762044e+01
   1.0231165e+01   2.2607830e+01   2.5846537e+01   2.4926712e+01
   1.0239193e+01   2.2661216e+01   2.6017972e+01   2.5052159e+01
   1.0247222e+01   2.2642549e+01   2.6178161e+01   2.5186545e+01
   1.0255251e+01   2.2716424e+01   2.6321083e+01   2.5276085e+01
   1.0263280e+01   2.2731637e+01   2.6425369e+01   2.5359511e+01
   1.0271308e+01   2.2797092e+01   2.6528962e+01   2.5420058e+01
   1.0279337e+01   2.2806167e+01   2.6600051e+01   2.5463578e+01
   1.0287366e+01   2.2811205e+01   2.6669689e+01   2.5479481e+01
   1.0295395e+01   2.2826055e+01   2.6682592e+01   2.5459660e+01
   1.0303424e+01   2.2754204e+01   2.6702739e+01   2.5444245e+01
   1.0311452e+01   2.2764956e+01   2.6682734e+01   2.5389201e+01
   1.0319481e+01   2.2656720e+01   2.6658914e+01   2.5331157e+01
   1.0327510e+01   2.2682672e+01   2.6602778e+01   2.5240534e+01
   1.0335539e+01   2.2648270e+01   2.6520064e+01   2.5134597e+01
   1.0343567e+01   2.2540363e+01   2.6422282e+01   2.5003682e+01
   1.0351596e+01   2.2416842e+01   2.6294752e+01   2.4853744e+01
   1.0359625e+01   2.2241391e+01   2.6140323e+01   2.4689936e+01
   1.0367654e+01   2.2163933e+01   2.5966542e+01   2.4496657e+01
   1.0375683e+01   2.1956579e+01   2.5738480e+01   2.4272860e+01
   1.0383711e+01   2.1865114e+01   2.5515684e+01   2.4043290e+01
   1.0391740e+01   2.1667867e+01   2.5251535e+01   2.3794265e+01
   1.0399769e+01   2.1625982e+01   2.5007432e+01   2.3533747e+01
   1.0407798e+01   2.1423877e+01   2.4716873e+01   2.3263325e+01
   1.0415826e+01   2.1326878e+01   2.4426719e+01   2.2964392e+01
   1.0423855e+01   2.1030982e+01   2.4064397e+01   2.2651128e+01
   1.0431884e+01   2.0832789e+01   2.3718413e+01   2.2311163e+01
   1.0439913e+01   2.0608064e+01   2.3302384e+01   2.1977152e+01
   1.0447941e+01   2.0452611e+01   2.2938654e+01   2.1648126e+01
   1.0455970e+01   2.0233750e+01   2.2505958e+01   2.1310902e+01
   1.0463999e+01   2.0086456e+01   2.2100389e+01   2.0942533e+01
   1.0472028e+01   1.9862125e+01   2.1660101e+01   2.0571906e+01
   1.0480057e+01   1.9576196e+01   2.1223228e+01   2.0176509e+01
   1.0488085e+01   1.9313709e+01   2.0763069e+01   1.9788870e+01
   1.0496114e+01   1.9043350e+01   2.0306757e+01   1.9410324e+01
   1.0504143e+01   1.8897611e+01   1.9837081e+01   1.9037198e+01
   1.0512172e+01   1.8648678e+01   1.9364687e+01   1.8658338e+01
   1.0520200e+01   1.8402937e+01   1.8880561e+01   1.8275405e+01
   1.0528229e+01   1.8156725e+01   1.8377070e+01   1.7877664e+01
   1.0536258e+01   1.7883775e+01   1.7892655e+01   1.7477997e+01
   1.0544287e+01   1.7626106e+01   1.7379665e+01   1.7083578e+01
   1.0552315e+01   1.7391830e+01   1.6873812e+01   1.6701874e+01
   1.0560344e+01   1.7221522e+01   1.6399392e+01   1.6331609e+01
   1.0568373e+01   1.6977060e+01   1.5929077e+01   1.5962265e+01
   1.0576402e+01   1.6766837e+01   1.5501472e+01   1.5589363e+01
   1.0584431e+01   1.6522829e+01   1.5019957e+01   1.5229260e+01
   1.0592459e+01   1.6315540e+01   1.4610482e+01   1.4879107e+01
   1.0600488e+01   1.6113621e+01   1.4146844e+01   1.4537721e+01
   1.0608517e+01   1.5894202e+01   1.3733651e+01   1.4198536e+01
   1.0616546e+01   1.5691881e+01   1.3358500e+01   1.3870614e+01
   1.0624574e+01   1.5459543e+01   1.2958496e+01   1.3547569e+01
   1.0632603e+01   1.5258776e+01   1.2604304e+01   1.3237453e+01
   1.0640632e+01   1.5129523e+01   1.2242927e+01   1.2944609e+01
   1.0648661e+01   1.4982574e+01   1.1859426e+01   1.2673950e+01
   1.0656690e+01   1.4904630e+01   1.1569030e+01   1.2424349e+01
   1.0664718e+01   1.4757867e+01   1.1268345e+01   1.2171678e+01
   1.0672747e+01   1.4586686e+01   1.1019291e+01   1.1935591e+01
   1.0680776e+01   1.4480066e+01   1.0800284e+01   1.1699066e+01
   1.0688805e+01   1.4330532e+01   1.0573064e+01   1.1506475e+01
   1.0696833e+01   1.4197731e+01   1.0408906e+01   1.1319853e+01
   1.0704862e+01   1.4098717e+01   1.0223740e+01   1.1165141e+01
   1.0712891e+01   1.4088886e+01   1.0052119e+01   1.1005823e+01
   1.0720920e+01   1.3959961e+01   9.9043769e+00   1.0867212e+01
   1.0728948e+01   1.3876039e+01   9.7845468e+00   1.0749915e+01
   1.0736977e+01   1.3819569e+01   9.7089633e+00   1.0654902e+01
   1.0745006e+01   1.3782548e+01   9.6697638e+00   1.0579817e+01
   1.0753035e+01   1.3796778e+01   9.6403512e+00   1.0518402e+01
   1.0761064e+01   1.3804408e+01   9.6253029e+00   1.0476826e+01
   1.0769092e+01   1.3794904e+01   9.6441640e+00   1.0460672e+01
   1.0777121e+01   1.3757544e+01   9.6614499e+00   1.0457058e+01
   1.0785150e+01   1.3785601e+01   9.7117505e+00   1.0481394e+01
   1.0793179e+01   1.3832780e+01   9.7661165e+00   1.0519783e+01
   1.0801207e+01   1.3761754e+01   9.8348549e+00   1.0562293e+01
   1.0809236e+01   1.3836106e+01   9.9610879e+00   1.0640353e+01
   1.0817265e+01   1.3861812e+01   1.0075575e+01   1.0725702e+01
   1.0825294e+01   1.3971545e+01   1.0217165e+01   1.0834883e+01
   1.0833323e+01   1.4073040e+01   1.0383941e+01   1.0963032e+01
   1.0841351e+01   1.4179446e+01   1.0561983e+01   1.1097297e+01
   1.0849380e+01   1.4220582e+01   1.0741494e+01   1.1234997e+01
   1.0857409e+01   1.4371148e+01   1.0921510e+01   1.1393372e+01
   1.0865438e+01   1.4489263e+01   1.1119132e+01   1.1566580e+01
   1.0873466e+01   1.4611026e+01   1.1368206e+01   1.1784426e+01
   1.0881495e+01   1.4739596e+01   1.1625963e+01   1.1986899e+01
   1.0889524e+01   1.4838899e+01   1.1898338e+01   1.2208587e+01
   1.0897553e+01   1.4914852e+01   1.2161991e+01   1.2426725e+01
   1.0905581e+01   1.5064549e+01   1.2422157e+01   1.2662107e+01
   1.0913610e+01   1.5282425e+01   1.2702329e+01   1.2924948e+01
   1.0921639e+01   1.5490783e+01   1.2981999e+01   1.3174042e+01
   1.0929668e+01   1.5645165e+01   1.3290916e+01   1.3447940e+01
   1.0937697e+01   1.5744684e+01   1.3603953e+01   1.3727933e+01
   1.0945725e+01   1.5900668e+01   1.3927721e+01   1.4018225e+01
   1.0953754e+01   1.6100342e+01   1.4245222e+01   1.4316993e+01
   1.0961783e+01   1.6295960e+01   1.4566595e+01   1.4606811e+01
   1.0969812e+01   1.6500167e+01   1.4897906e+01   1.4900314e+01
   1.0977840e+01   1.6697512e+01   1.5240254e+01   1.5207448e+01
   1.0985869e+01   1.6884478e+01   1.5606577e+01   1.5526859e+01
   1.0993898e+01   1.7063496e+01   1.5964804e+01   1.5839633e+01
   1.1001927e+01   1.7215577e+01   1.6318952e+01   1.6146653e+01
   1.1009956e+01   1.7401826e+01   1.6674629e+01   1.6465368e+01
   1.1017984e+01   1.7657558e+01   1.7031226e+01   1.6789744e+01
   1.1026013e+01   1.7910202e+01   1.7385089e+01   1.7116396e+01
   1.1034042e+01   1.8079769e+01   1.7734971e+01   1.7442450e+01
   1.1042071e+01   1.8210514e+01   1.8057193e+01   1.7755473e+01
   1.1050099e+01   1.8372684e+01   1.8385173e+01   1.8066806e+01
   1.1058128e+01   1.8517833e+01   1.8712792e+01   1.8385598e+01
   1.1066157e+01   1.8774376e+01   1.9048152e+01   1.8703626e+01
   1.1074186e+01   1.8951172e+01   1.9398797e+01   1.9029048e+01
   1.1082214e+01   1.9219506e+01   1.9742039e+01   1.9337064e+01
   1.1090243e+01   1.9312155e+01   2.0080056e+01   1.9634763e+01
   1.1098272e+01   1.9486998e+01   2.0420942e+01   1.9930113e+01
   1.1106301e+01   1.9664701e+01   2.0745957e+01   2.0217187e+01
   1.1114330e+01   1.9754976e+01   2.1069639e+01   2.0505452e+01
   1.1122358e+01   1.9970591e+01   2.1378362e+01   2.0779007e+01
   1.1130387e+01   2.0145205e+01   2.1683463e+01   2.1053844e+01
   1.1138416e+01   2.0286151e+01   2.1971274e+01   2.1317740e+01
   1.1146445e+01   2.0369284e+01   2.2266250e+01   2.1585181e+01
   1.1154473e+01   2.0562580e+01   2.2548904e+01   2.1842221e+01
   1.1162502e+01   2.0685127e+01   2.2809852e+01   2.2070175e+01
   1.1170531e+01   2.0830702e+01   2.3074683e+01   2.2300857e+01
   1.1178560e+01   2.0952754e+01   2.3332085e+01   2.2518858e+01
   1.1186588e+01   2.1074422e+01   2.3565803e+01   2.2704638e+01
   1.1194617e+01   2.1166416e+01   2.3797005e+01   2.2900885e+01
   1.1202646e+01   2.1361177e+01   2.4002968e+01   2.3069428e+01
   1.1210675e+01   2.1425196e+01   2.4201107e+01   2.3245765e+01
   1.1218704e+01   2.1457245e+01   2.4386951e+01   2.3401614e+01
   1.1226732e+01   2.1510011e+01   2.4554871e+01   2.3541005e+01
   1.1234761e+01   2.1546597e+01   2.4707705e+01   2.3656803e+01
   1.1242790e+01   2.1647337e+01   2.4840016e+01   2.3757373e+01
   1.1250819e+01   2.1692741e+01   2.4965956e+01   2.3856755e+01
   1.1258847e+01   2.1734925e+01   2.5076315e+01   2.3940459e+01
   1.1266876e+01   2.1768824e+01   2.5180807e+01   2.4006447e+01
   1.1274905e+01   2.1776131e+01   2.5241953e+01   2.4048557e+01
   1.1282934e+01   2.1777374e+01   2.5300017e+01   2.4080432e+01
   1.1290963e+01   2.1794981e+01   2.5321923e+01   2.4084116e+01
   1.1298991e+01   2.1805945e+01   2.5345556e+01   2.4083245e+01
   1.1307020e+01   2.1799209e+01   2.5368259e+01   2.4071602e+01
   1.1315049e+01   2.1698242e+01   2.5343064e+01   2.4030843e+01
   1.1323078e+01   2.1635667e+01   2.5313247e+01   2.3969177e+01
   1.1331106e+01   2.1595415e+01   2.5259091e+01   2.3891601e+01
   1.1339135e+01   2.1562286e+01   2.5185384e+01   2.3795008e+01
   1.1347164e+01   2.1544693e+01   2.5089015e+01   2.3689193e+01
   1.1355193e+01   2.1465011e+01   2.4994804e+01   2.3565623e+01
   1.1363221e+01   2.1354152e+01   2.4860575e+01   2.3429173e+01
   1.1371250e+01   2.1268911e+01   2.4714105e+01   2.3282866e+01
   1.1379279e+01   2.1286727e+01   2.4536848e+01   2.3115591e+01
   1.1387308e+01   2.1078472e+01   2.4364162e+01   2.2947271e+01
   1.1395337e+01   2.0956311e+01   2.4146924e+01   2.2748173e+01
   1.1403365e+01   2.0789365e+01   2.3914045e+01   2.2546187e+01
   1.1411394e+01   2.0618900e+01   2.3684200e+01   2.2315490e+01
   1.1419423e+01   2.0555785e+01   2.3404136e+01   2.2079971e+01
   1.1427452e+01   2.0415915e+01   2.3144597e+01   2.1834710e+01
   1.1435480e+01   2.0325696e+01   2.2825414e+01   2.1574564e+01
   1.1443509e+01   2.0133631e+01   2.2517085e+01   2.1320183e+01
   1.1451538e+01   2.0009281e+01   2.2195526e+01   2.1049188e+01
   1.1459567e+01   1.9850635e+01   2.1861295e+01   2.0785642e+01
   1.1467596e+01   1.9679340e+01   2.1533838e+01   2.0490286e+01
   1.1475624e+01   1.9507851e+01   2.1174119e+01   2.0188322e+01
   1.1483653e+01   1.9308113e+01   2.0819740e+01   1.9883104e+01
   1.1491682e+01   1.9164212e+01   2.0446180e+01   1.9572051e+01
   1.1499711e+01   1.8975893e+01   2.0077175e+01   1.9280911e+01
   1.1507739e+01   1.8847258e+01   1.9688777e+01   1.8978077e+01
   1.1515768e+01   1.8639035e+01   1.9294457e+01   1.8674990e+01
   1.1523797e+01   1.8411495e+01   1.8894086e+01   1.8366923e+01
   1.1531826e+01   1.8214302e+01   1.8500159e+01   1.8049770e+01
   1.1539854e+01   1.8001898e+01   1.8093639e+01   1.7741343e+01
   1.1547883e+01   1.7911138e+01   1.7707688e+01   1.7424027e+01
   1.1555912e+01   1.7749591e+01   1.7310809e+01   1.7110807e+01
   1.1563941e+01   1.7603809e+01   1.6946446e+01   1.6810992e+01
   1.1571970e+01   1.7455867e+01   1.6568643e+01   1.6507542e+01
   1.1579998e+01   1.7245203e+01   1.6154819e+01   1.6216178e+01
   1.1588027e+01   1.7088492e+01   1.5800298e+01   1.5932345e+01
   1.1596056e+01   1.6927239e+01   1.5410388e+01   1.5650502e+01
   1.1604085e+01   1.6758021e+01   1.5062109e+01   1.5369797e+01
   1.1612113e+01   1.6551438e+01   1.4769405e+01   1.5096484e+01
   1.1620142e+01   1.6397949e+01   1.4417428e+01   1.4836344e+01
   1.1628171e+01   1.6280153e+01   1.4079138e+01   1.4566379e+01
   1.1636200e+01   1.6121235e+01   1.3776931e+01   1.4321093e+01
   1.1644228e+01   1.6026056e+01   1.3450184e+01   1.4079943e+01
   1.1652257e+01   1.5901859e+01   1.3164646e+01   1.3849513e+01
   1.1660286e+01   1.5764752e+01   1.2948398e+01   1.3649801e+01
   1.1668315e+01   1.5659741e+01   1.2708008e+01   1.3449252e+01
   1.1676344e+01   1.5555859e+01   1.2470611e+01   1.3257619e+01
   1.1684372e+01   1.5427500e+01   1.2271686e+01   1.3072813e+01
   1.1692401e+01   1.5317977e+01   1.2060794e+01   1.2899307e+01
   1.1700430e+01   1.5244684e+01   1.1858355e+01   1.2749311e+01
   1.1708459e+01   1.5250625e+01   1.1718431e+01   1.2600882e+01
   1.1716487e+01   1.5182211e+01   1.1575256e+01   1.2475017e+01
   1.1724516e+01   1.5142386e+01   1.1454682e+01   1.2362726e+01
   1.1732545e+01   1.5088825e+01   1.1382437e+01   1.2250001e+01
   1.1740574e+01   1.5016699e+01   1.1295649e+01   1.2167502e+01
   1.1748603e+01   1.5037198e+01   1.1224316e+01   1.2094232e+01
   1.1756631e+01   1.5055691e+01   1.1169843e+01   1.2037450e+01
   1.1764660e+01   1.5034001e+01   1.1134580e+01   1.2004667e+01
   1.1772689e+01   1.5003726e+01   1.1119305e+01   1.1991125e+01
   1.1780718e+01   1.4979585e+01   1.1132931e+01   1.1980672e+01
   1.1788746e+01   1.4918883e+01   1.1161524e+01   1.1979011e+01
   1.1796775e+01   1.4882820e+01   1.1211790e+01   1.1993269e+01
   1.1804804e+01   1.4925341e+01   1.1259705e+01   1.2020586e+01
   1.1812833e+01   1.4936193e+01   1.1343632e+01   1.2073358e+01
   1.1820861e+01   1.4964192e+01   1.1445294e+01   1.2154403e+01
   1.1828890e+01   1.5070076e+01   1.1542114e+01   1.2225418e+01
   1.1836919e+01   1.5110658e+01   1.1665460e+01   1.2310497e+01
   1.1844948e+01   1.5184161e+01   1.1788966e+01   1.2406752e+01
   1.1852977e+01   1.5262586e+01   1.1929338e+01   1.2517627e+01
   1.1861005e+01   1.5325546e+01   1.2076128e+01   1.2641828e+01
   1.1869034e+01   1.5422129e+01   1.2271616e+01   1.2788703e+01
   1.1877063e+01   1.5478567e+01   1.2460062e+01   1.2937857e+01
   1.1885092e+01   1.5572374e+01   1.2659814e+01   1.3093572e+01
   1.1893120e+01   1.5648662e+01   1.2879574e+01   1.3268605e+01
   1.1901149e+01   1.5782819e+01   1.3096993e+01   1.3450535e+01
   1.1909178e+01   1.5918400e+01   1.3324093e+01   1.3647403e+01
   1.1917207e+01   1.6029434e+01   1.3561769e+01   1.3848638e+01
   1.1925236e+01   1.6162569e+01   1.3790113e+01   1.4046181e+01
   1.1933264e+01   1.6235529e+01   1.4011566e+01   1.4260450e+01
   1.1941293e+01   1.6380539e+01   1.4262816e+01   1.4476743e+01
   1.1949322e+01   1.6489925e+01   1.4526764e+01   1.4706699e+01
   1.1957351e+01   1.6630864e+01   1.4805833e+01   1.4958525e+01
   1.1965379e+01   1.6764050e+01   1.5101427e+01   1.5212220e+01
   1.1973408e+01   1.6913956e+01   1.5386622e+01   1.5451209e+01
   1.1981437e+01   1.7080268e+01   1.5677710e+01   1.5700036e+01
   1.1989466e+01   1.7201210e+01   1.5962278e+01   1.5942056e+01
   1.1997494e+01   1.7363661e+01   1.6260736e+01   1.6186343e+01
   1.2005523e+01   1.7507079e+01   1.6555985e+01   1.6448994e+01
   1.2013552e+01   1.7662359e+01   1.6841165e+01   1.6710710e+01
   1.2021581e+01   1.7816152e+01   1.7143517e+01   1.6978701e+01
   1.2029610e+01   1.7965655e+01   1.7443979e+01   1.7249172e+01
   1.2037638e+01   1.8106511e+01   1.7747121e+01   1.7518315e+01
   1.2045667e+01   1.8237742e+01   1.8061487e+01   1.7786411e+01
   1.2053696e+01   1.8317837e+01   1.8365725e+01   1.8053168e+01
   1.2061725e+01   1.8521430e+01   1.8661241e+01   1.8313769e+01
   1.2069753e+01   1.8670303e+01   1.8953024e+01   1.8571889e+01
   1.2077782e+01   1.8790338e+01   1.9240297e+01   1.8829439e+01
   1.2085811e+01   1.8940441e+01   1.9527732e+01   1.9087609e+01
   1.2093840e+01   1.9115776e+01   1.9804625e+01   1.9333647e+01
   1.2101869e+01   1.9254909e+01   2.0082597e+01   1.9570071e+01
   1.2109897e+01   1.9347743e+01   2.0359005e+01   1.9803755e+01
   1.2117926e+01   1.9472478e+01   2.0626466e+01   2.0032471e+01
   1.2125955e+01   1.9592465e+01   2.0902921e+01   2.0261129e+01
   1.2133984e+01   1.9696986e+01   2.1166612e+01   2.0493076e+01
   1.2142012e+01   1.9818657e+01   2.1429440e+01   2.0731143e+01
   1.2150041e+01   1.9939248e+01   2.1672593e+01   2.0948526e+01
   1.2158070e+01   2.0068258e+01   2.1896896e+01   2.1145131e+01
   1.2166099e+01   2.0142744e+01   2.2125329e+01   2.1345030e+01
   1.2174127e+01   2.0218360e+01   2.2341526e+01   2.1525801e+01
   1.2182156e+01   2.0331250e+01   2.2542251e+01   2.1700499e+01
   1.2190185e+01   2.0424395e+01   2.2755031e+01   2.1875635e+01
   1.2198214e+01   2.0516823e+01   2.2930256e+01   2.2025988e+01
   1.2206243e+01   2.0600239e+01   2.3097577e+01   2.2168158e+01
   1.2214271e+01   2.0600116e+01   2.3258916e+01   2.2290538e+01
   1.2222300e+01   2.0744190e+01   2.3410398e+01   2.2411456e+01
   1.2230329e+01   2.0801079e+01   2.3569214e+01   2.2537554e+01
   1.2238358e+01   2.0857754e+01   2.3711411e+01   2.2635274e+01
   1.2246386e+01   2.0925031e+01   2.3820591e+01   2.2722828e+01
   1.2254415e+01   2.0938559e+01   2.3920671e+01   2.2791390e+01
   1.2262444e+01   2.0986301e+01   2.4018737e+01   2.2851500e+01
   1.2270473e+01   2.0953950e+01   2.4088643e+01   2.2892089e+01
   1.2278501e+01   2.0975330e+01   2.4156117e+01   2.2948300e+01
   1.2286530e+01   2.0971198e+01   2.4210064e+01   2.2972407e+01
   1.2294559e+01   2.0990520e+01   2.4240892e+01   2.2982805e+01
   1.2302588e+01   2.0999977e+01   2.4253080e+01   2.2978340e+01
   1.2310617e+01   2.1019628e+01   2.4252881e+01   2.2957361e+01
   1.2318645e+01   2.0959487e+01   2.4231878e+01   2.2929155e+01
   1.2326674e+01   2.0912839e+01   2.4207905e+01   2.2887404e+01
   1.2334703e+01   2.0817862e+01   2.4172907e+01   2.2832797e+01
   1.2342732e+01   2.0773363e+01   2.4091900e+01   2.2758365e+01
   1.2350760e+01   2.0746278e+01   2.4012333e+01   2.2661166e+01
   1.2358789e+01   2.0693175e+01   2.3908757e+01   2.2562995e+01
   1.2366818e+01   2.0667327e+01   2.3787110e+01   2.2459315e+01
   1.2374847e+01   2.0595206e+01   2.3658388e+01   2.2335970e+01
   1.2382876e+01   2.0517834e+01   2.3517266e+01   2.2216237e+01
   1.2390904e+01   2.0427446e+01   2.3347538e+01   2.2072033e+01
   1.2398933e+01   2.0367312e+01   2.3197611e+01   2.1919695e+01
   1.2406962e+01   2.0343096e+01   2.3014733e+01   2.1753464e+01
   1.2414991e+01   2.0222063e+01   2.2789492e+01   2.1579479e+01
   1.2423019e+01   2.0131211e+01   2.2607527e+01   2.1389632e+01
   1.2431048e+01   2.0004831e+01   2.2373559e+01   2.1203731e+01
   1.2439077e+01   1.9861236e+01   2.2133267e+01   2.1004200e+01
   1.2447106e+01   1.9803365e+01   2.1916376e+01   2.0811602e+01
   1.2455134e+01   1.9687245e+01   2.1644550e+01   2.0601926e+01
   1.2463163e+01   1.9560158e+01   2.1373961e+01   2.0383021e+01
   1.2471192e+01   1.9411135e+01   2.1091466e+01   2.0145254e+01
   1.2479221e+01   1.9271036e+01   2.0793105e+01   1.9903612e+01
   1.2487250e+01   1.9135469e+01   2.0485673e+01   1.9654732e+01
   1.2495278e+01   1.8990769e+01   2.0188190e+01   1.9409548e+01
   1.2503307e+01   1.8896021e+01   1.9871494e+01   1.9165571e+01
   1.2511336e+01   1.8783830e+01   1.9557836e+01   1.8928531e+01
   1.2519365e+01   1.8649476e+01   1.9246336e+01   1.8688925e+01
   1.2527393e+01   1.8505609e+01   1.8933426e+01   1.8449562e+01
   1.2535422e+01   1.8353343e+01   1.8612855e+01   1.8210896e+01
   1.2543451e+01   1.8217788e+01   1.8304328e+01   1.7961511e+01
   1.2551480e+01   1.8120792e+01   1.7977188e+01   1.7707968e+01
   1.2559509e+01   1.7994074e+01   1.7672259e+01   1.7449039e+01
   1.2567537e+01   1.7835372e+01   1.7345211e+01   1.7193692e+01
   1.2575566e+01   1.7730653e+01   1.7036602e+01   1.6945750e+01
   1.2583595e+01   1.7590338e+01   1.6724072e+01   1.6703448e+01
   1.2591624e+01   1.7431873e+01   1.6388682e+01   1.6479012e+01
   1.2599652e+01   1.7302645e+01   1.6098023e+01   1.6255241e+01
   1.2607681e+01   1.7242937e+01   1.5830839e+01   1.6039600e+01
   1.2615710e+01   1.7174115e+01   1.5514764e+01   1.5823317e+01
   1.2623739e+01   1.7068048e+01   1.5239456e+01   1.5609133e+01
   1.2631767e+01   1.6987255e+01   1.4998819e+01   1.5395821e+01
   1.2639796e+01   1.6873222e+01   1.4707368e+01   1.5190494e+01
   1.2647825e+01   1.6749830e+01   1.4457590e+01   1.4986666e+01
   1.2655854e+01   1.6617711e+01   1.4264010e+01   1.4802685e+01
   1.2663883e+01   1.6509770e+01   1.4055030e+01   1.4621206e+01
   1.2671911e+01   1.6406687e+01   1.3822990e+01   1.4465618e+01
   1.2679940e+01   1.6352641e+01   1.3641640e+01   1.4306466e+01
   1.2687969e+01   1.6230446e+01   1.3484813e+01   1.4168185e+01
   1.2695998e+01   1.6168509e+01   1.3295674e+01   1.4021174e+01
   1.2704026e+01   1.6125275e+01   1.3129554e+01   1.3890328e+01
   1.2712055e+01   1.6072782e+01   1.3026905e+01   1.3767805e+01
   1.2720084e+01   1.5974433e+01   1.2912218e+01   1.3654370e+01
   1.2728113e+01   1.5976404e+01   1.2759175e+01   1.3551697e+01
   1.2736142e+01   1.5949583e+01   1.2674803e+01   1.3469403e+01
   1.2744170e+01   1.5881815e+01   1.2612286e+01   1.3393071e+01
   1.2752199e+01   1.5874437e+01   1.2507842e+01   1.3336408e+01
   1.2760228e+01   1.5838117e+01   1.2443962e+01   1.3287632e+01
   1.2768257e+01   1.5793035e+01   1.2429119e+01   1.3245342e+01
   1.2776285e+01   1.5739444e+01   1.2410075e+01   1.3230023e+01
   1.2784314e+01   1.5783921e+01   1.2403324e+01   1.3216331e+01
   1.2792343e+01   1.5831874e+01   1.2434434e+01   1.3215247e+01
   1.2800372e+01   1.5864458e+01   1.2469575e+01   1.3234724e+01
   1.2808400e+01   1.5857107e+01   1.2505407e+01   1.3260126e+01
   1.2816429e+01   1.5885821e+01   1.2561710e+01   1.3287712e+01
   1.2824458e+01   1.5863762e+01   1.2602242e+01   1.3321782e+01
   1.2832487e+01   1.5891311e+01   1.2674508e+01   1.3372131e+01
   1.2840516e+01   1.5920858e+01   1.2770575e+01   1.3424662e+01
   1.2848544e+01   1.6007113e+01   1.2884727e+01   1.3499419e+01
   1.2856573e+01   1.6073704e+01   1.2989934e+01   1.3588397e+01
   1.2864602e+01   1.6127952e+01   1.3131451e+01   1.3692399e+01
   1.2872631e+01   1.6182196e+01   1.3264500e+01   1.3800830e+01
   1.2880659e+01   1.6227741e+01   1.3405228e+01   1.3925057e+01
   1.2888688e+01   1.6309231e+01   1.3557834e+01   1.4045411e+01
   1.2896717e+01   1.6361737e+01   1.3727410e+01   1.4180067e+01
   1.2904746e+01   1.6454184e+01   1.3899868e+01   1.4318720e+01
   1.2912774e+01   1.6547444e+01   1.4093811e+01   1.4472615e+01
   1.2920803e+01   1.6663230e+01   1.4283757e+01   1.4634615e+01
   1.2928832e+01   1.6725827e+01   1.4481242e+01   1.4800551e+01
   1.2936861e+01   1.6845911e+01   1.4703467e+01   1.4976386e+01
   1.2944890e+01   1.6916619e+01   1.4921830e+01   1.5155801e+01
   1.2952918e+01   1.6985907e+01   1.5123567e+01   1.5327972e+01
   1.2960947e+01   1.7066124e+01   1.5338902e+01   1.5511028e+01
   1.2968976e+01   1.7211134e+01   1.5579432e+01   1.5717746e+01
   1.2977005e+01   1.7272401e+01   1.5809048e+01   1.5914428e+01
   1.2985033e+01   1.7386257e+01   1.6059023e+01   1.6119267e+01
   1.2993062e+01   1.7535161e+01   1.6321645e+01   1.6333259e+01
   1.3001091e+01   1.7654977e+01   1.6577183e+01   1.6536311e+01
   1.3009120e+01   1.7761331e+01   1.6822193e+01   1.6729551e+01
   1.3017149e+01   1.7867400e+01   1.7071575e+01   1.6940080e+01
   1.3025177e+01   1.7972861e+01   1.7318216e+01   1.7156248e+01
   1.3033206e+01   1.8078614e+01   1.7560838e+01   1.7375911e+01
   1.3041235e+01   1.8169929e+01   1.7803608e+01   1.7594519e+01
   1.3049264e+01   1.8280916e+01   1.8056745e+01   1.7822234e+01
   1.3057292e+01   1.8396070e+01   1.8309423e+01   1.8048222e+01
   1.3065321e+01   1.8515827e+01   1.8565304e+01   1.8274587e+01
   1.3073350e+01   1.8604866e+01   1.8819923e+01   1.8489442e+01
   1.3081379e+01   1.8672169e+01   1.9076041e+01   1.8704232e+01
   1.3089407e+01   1.8742429e+01   1.9323412e+01   1.8906629e+01
   1.3097436e+01   1.8874490e+01   1.9559059e+01   1.9098962e+01
   1.3105465e+01   1.9038995e+01   1.9786474e+01   1.9280859e+01
   1.3113494e+01   1.9122960e+01   2.0019492e+01   1.9472552e+01
   1.3121523e+01   1.9264011e+01   2.0260587e+01   1.9671195e+01
   1.3129551e+01   1.9410658e+01   2.0484996e+01   1.9864274e+01
   1.3137580e+01   1.9496078e+01   2.0713919e+01   2.0058810e+01
   1.3145609e+01   1.9482093e+01   2.0932744e+01   2.0247949e+01
   1.3153638e+01   1.9593516e+01   2.1156815e+01   2.0415055e+01
   1.3161666e+01   1.9681604e+01   2.1339744e+01   2.0576729e+01
   1.3169695e+01   1.9737813e+01   2.1546343e+01   2.0737415e+01
   1.3177724e+01   1.9782877e+01   2.1725098e+01   2.0891422e+01
   1.3185753e+01   1.9865518e+01   2.1904507e+01   2.1039586e+01
   1.3193782e+01   1.9957989e+01   2.2056777e+01   2.1179034e+01
   1.3201810e+01   2.0029534e+01   2.2214540e+01   2.1305471e+01
   1.3209839e+01   2.0097291e+01   2.2342824e+01   2.1420514e+01
   1.3217868e+01   2.0140551e+01   2.2475545e+01   2.1531389e+01
   1.3225897e+01   2.0173852e+01   2.2594822e+01   2.1626852e+01
   1.3233925e+01   2.0213245e+01   2.2717355e+01   2.1729469e+01
   1.3241954e+01   2.0241580e+01   2.2828927e+01   2.1811626e+01
   1.3249983e+01   2.0261033e+01   2.2935193e+01   2.1891101e+01
   1.3258012e+01   2.0312855e+01   2.3021627e+01   2.1943594e+01
   1.3266040e+01   2.0400456e+01   2.3117064e+01   2.1992000e+01
   1.3274069e+01   2.0385156e+01   2.3163643e+01   2.2028957e+01
   1.3282098e+01   2.0360234e+01   2.3215550e+01   2.2058965e+01
   1.3290127e+01   2.0387077e+01   2.3256596e+01   2.2078743e+01
   1.3298156e+01   2.0378005e+01   2.3289627e+01   2.2092000e+01
   1.3306184e+01   2.0320792e+01   2.3278189e+01   2.2094407e+01
   1.3314213e+01   2.0378576e+01   2.3313009e+01   2.2090909e+01
   1.3322242e+01   2.0381837e+01   2.3296755e+01   2.2061539e+01
   1.3330271e+01   2.0399576e+01   2.3270946e+01   2.2026008e+01
   1.3338299e+01   2.0349949e+01   2.3239954e+01   2.1984972e+01
   1.3346328e+01   2.0280013e+01   2.3189379e+01   2.1918685e+01
   1.3354357e+01   2.0186108e+01   2.3110912e+01   2.1852016e+01
   1.3362386e+01   2.0147391e+01   2.3019137e+01   2.1783323e+01
   1.3370414e+01   2.0097237e+01   2.2929548e+01   2.1704498e+01
   1.3378443e+01   2.0066059e+01   2.2826872e+01   2.1618967e+01
   1.3386472e+01   2.0028268e+01   2.2708644e+01   2.1518929e+01
   1.3394501e+01   1.9985202e+01   2.2578219e+01   2.1405401e+01
   1.3402530e+01   1.9938709e+01   2.2440099e+01   2.1271757e+01
   1.3410558e+01   1.9796810e+01   2.2282080e+01   2.1139619e+01
   1.3418587e+01   1.9727597e+01   2.2115485e+01   2.0993863e+01
   1.3426616e+01   1.9688186e+01   2.1950848e+01   2.0845093e+01
   1.3434645e+01   1.9678229e+01   2.1757547e+01   2.0693616e+01
   1.3442673e+01   1.9548318e+01   2.1567925e+01   2.0537487e+01
   1.3450702e+01   1.9451673e+01   2.1368298e+01   2.0383390e+01
   1.3458731e+01   1.9397022e+01   2.1147773e+01   2.0214718e+01
   1.3466760e+01   1.9326289e+01   2.0932822e+01   2.0048427e+01
   1.3474789e+01   1.9206181e+01   2.0710260e+01   1.9870396e+01
   1.3482817e+01   1.9141783e+01   2.0469858e+01   1.9686393e+01
   1.3490846e+01   1.9115749e+01   2.0225456e+01   1.9494830e+01
   1.3498875e+01   1.9037178e+01   1.9995758e+01   1.9299484e+01
   1.3506904e+01   1.8890236e+01   1.9738411e+01   1.9103812e+01
   1.3514932e+01   1.8767688e+01   1.9474777e+01   1.8907201e+01
   1.3522961e+01   1.8695735e+01   1.9214077e+01   1.8713772e+01
   1.3530990e+01   1.8560385e+01   1.8967037e+01   1.8516837e+01
   1.3539019e+01   1.8464870e+01   1.8707260e+01   1.8316737e+01
   1.3547047e+01   1.8383771e+01   1.8442867e+01   1.8117817e+01
   1.3555076e+01   1.8317241e+01   1.8181993e+01   1.7917295e+01
   1.3563105e+01   1.8198017e+01   1.7929859e+01   1.7714089e+01
   1.3571134e+01   1.8088898e+01   1.7670491e+01   1.7517192e+01
   1.3579163e+01   1.7997624e+01   1.7401526e+01   1.7324604e+01
   1.3587191e+01   1.7922299e+01   1.7149444e+01   1.7129694e+01
   1.3595220e+01   1.7820459e+01   1.6917540e+01   1.6944115e+01
   1.3603249e+01   1.7725348e+01   1.6665795e+01   1.6757139e+01
   1.3611278e+01   1.7647453e+01   1.6418003e+01   1.6576756e+01
   1.3619306e+01   1.7556824e+01   1.6206302e+01   1.6397965e+01
   1.3627335e+01   1.7479835e+01   1.5977736e+01   1.6222028e+01
   1.3635364e+01   1.7390974e+01   1.5730282e+01   1.6048173e+01
   1.3643393e+01   1.7293006e+01   1.5534344e+01   1.5879750e+01
   1.3651422e+01   1.7166683e+01   1.5363726e+01   1.5717232e+01
   1.3659450e+01   1.7096453e+01   1.5150839e+01   1.5565194e+01
   1.3667479e+01   1.7036362e+01   1.4942180e+01   1.5415786e+01
   1.3675508e+01   1.6942151e+01   1.4787088e+01   1.5281557e+01
   1.3683537e+01   1.6863308e+01   1.4603851e+01   1.5151943e+01
   1.3691565e+01   1.6830279e+01   1.4429014e+01   1.5033543e+01
   1.3699594e+01   1.6845223e+01   1.4282602e+01   1.4923516e+01
   1.3707623e+01   1.6770482e+01   1.4149281e+01   1.4814403e+01
   1.3715652e+01   1.6744169e+01   1.4057776e+01   1.4720267e+01
   1.3723680e+01   1.6727056e+01   1.3939494e+01   1.4622313e+01
   1.3731709e+01   1.6727133e+01   1.3822083e+01   1.4541895e+01
   1.3739738e+01   1.6700234e+01   1.3749589e+01   1.4469861e+01
   1.3747767e+01   1.6617195e+01   1.3683687e+01   1.4400648e+01
   1.3755796e+01   1.6582277e+01   1.3630768e+01   1.4348837e+01
   1.3763824e+01   1.6564326e+01   1.3572306e+01   1.4310528e+01
   1.3771853e+01   1.6570876e+01   1.3561730e+01   1.4280101e+01
   1.3779882e+01   1.6571964e+01   1.3548149e+01   1.4255253e+01
   1.3787911e+01   1.6586366e+01   1.3535435e+01   1.4242606e+01
   1.3795939e+01   1.6561786e+01   1.3520836e+01   1.4234711e+01
   1.3803968e+01   1.6554840e+01   1.3539215e+01   1.4234293e+01
   1.3811997e+01   1.6525234e+01   1.3558233e+01   1.4240642e+01
   1.3820026e+01   1.6505318e+01   1.3570821e+01   1.4257803e+01
   1.3828055e+01   1.6541096e+01   1.3609618e+01   1.4285965e+01
   1.3836083e+01   1.6566420e+01   1.3674501e+01   1.4320241e+01
   1.3844112e+01   1.6614249e+01   1.3738638e+01   1.4369311e+01
   1.3852141e+01   1.6612132e+01   1.3821178e+01   1.4422092e+01
   1.3860170e+01   1.6707073e+01   1.3896789e+01   1.4487336e+01
   1.3868198e+01   1.6731854e+01   1.3999533e+01   1.4564303e+01
   1.3876227e+01   1.6767540e+01   1.4116420e+01   1.4649118e+01
   1.3884256e+01   1.6818532e+01   1.4232123e+01   1.4744309e+01
   1.3892285e+01   1.6852125e+01   1.4352501e+01   1.4838652e+01
   1.3900313e+01   1.6930550e+01   1.4514901e+01   1.4954768e+01
   1.3908342e+01   1.6992422e+01   1.4660646e+01   1.5063332e+01
   1.3916371e+01   1.7061292e+01   1.4812027e+01   1.5184353e+01
   1.3924400e+01   1.7132283e+01   1.4974671e+01   1.5306698e+01
   1.3932429e+01   1.7197729e+01   1.5134378e+01   1.5438045e+01
   1.3940457e+01   1.7266184e+01   1.5304854e+01   1.5578043e+01
   1.3948486e+01   1.7368744e+01   1.5474004e+01   1.5714001e+01
   1.3956515e+01   1.7377687e+01   1.5651424e+01   1.5861419e+01
   1.3964544e+01   1.7454532e+01   1.5840297e+01   1.6018956e+01
   1.3972572e+01   1.7516974e+01   1.6021485e+01   1.6179065e+01
   1.3980601e+01   1.7582208e+01   1.6219023e+01   1.6335051e+01
   1.3988630e+01   1.7667422e+01   1.6410697e+01   1.6492224e+01
   1.3996659e+01   1.7772486e+01   1.6618338e+01   1.6665506e+01
   1.4004687e+01   1.7865689e+01   1.6820867e+01   1.6827129e+01
   1.4012716e+01   1.7878779e+01   1.7033581e+01   1.6988592e+01
   1.4020745e+01   1.7952504e+01   1.7240742e+01   1.7161640e+01
   1.4028774e+01   1.8055670e+01   1.7455468e+01   1.7341860e+01
   1.4036803e+01   1.8142160e+01   1.7667056e+01   1.7516113e+01
   1.4044831e+01   1.8203904e+01   1.7877018e+01   1.7694253e+01
   1.4052860e+01   1.8255698e+01   1.8096369e+01   1.7877191e+01
   1.4060889e+01   1.8362623e+01   1.8310937e+01   1.8061676e+01
   1.4068918e+01   1.8432999e+01   1.8524084e+01   1.8244169e+01
   1.4076946e+01   1.8549267e+01   1.8744208e+01   1.8428114e+01
   1.4084975e+01   1.8600534e+01   1.8960088e+01   1.8601596e+01
   1.4093004e+01   1.8702759e+01   1.9176430e+01   1.8770204e+01
   1.4101033e+01   1.8787590e+01   1.9389393e+01   1.8934746e+01
   1.4109062e+01   1.8994982e+01   1.9597413e+01   1.9091672e+01
   1.4117090e+01   1.9024782e+01   1.9775654e+01   1.9242180e+01
   1.4125119e+01   1.9055376e+01   1.9971667e+01   1.9392859e+01
   1.4133148e+01   1.9168539e+01   2.0149283e+01   1.9544259e+01
   1.4141177e+01   1.9260216e+01   2.0327838e+01   1.9692184e+01
   1.4149205e+01   1.9362258e+01   2.0502479e+01   1.9843377e+01
   1.4157234e+01   1.9342985e+01   2.0657885e+01   1.9985826e+01
   1.4165263e+01   1.9420589e+01   2.0840969e+01   2.0125909e+01
   1.4173292e+01   1.9511603e+01   2.0986770e+01   2.0256183e+01
   1.4181320e+01   1.9550994e+01   2.1142719e+01   2.0384273e+01
   1.4189349e+01   1.9590682e+01   2.1299366e+01   2.0511853e+01
   1.4197378e+01   1.9625050e+01   2.1440436e+01   2.0622561e+01
   1.4205407e+01   1.9732727e+01   2.1585236e+01   2.0735993e+01
   1.4213436e+01   1.9745591e+01   2.1710836e+01   2.0836612e+01
   1.4221464e+01   1.9783134e+01   2.1829441e+01   2.0928472e+01
   1.4229493e+01   1.9822886e+01   2.1942518e+01   2.1012723e+01
   1.4237522e+01   1.9856779e+01   2.2033215e+01   2.1085274e+01
   1.4245551e+01   1.9843687e+01   2.2130954e+01   2.1154396e+01
   1.4253579e+01   1.9829306e+01   2.2215269e+01   2.1210783e+01
   1.4261608e+01   1.9883654e+01   2.2287157e+01   2.1261446e+01
   1.4269637e+01   1.9926118e+01   2.2359308e+01   2.1305566e+01
   1.4277666e+01   1.9947453e+01   2.2417526e+01   2.1340800e+01
   1.4285695e+01   1.9990483e+01   2.2462105e+01   2.1366863e+01
   1.4293723e+01   2.0002197e+01   2.2494695e+01   2.1381124e+01
   1.4301752e+01   1.9984875e+01   2.2514288e+01   2.1390129e+01
   1.4309781e+01   1.9978378e+01   2.2521570e+01   2.1399241e+01
   1.4317810e+01   1.9944656e+01   2.2518509e+01   2.1385885e+01
   1.4325838e+01   1.9919291e+01   2.2509332e+01   2.1370917e+01
   1.4333867e+01   1.9877284e+01   2.2465766e+01   2.1345867e+01
   1.4341896e+01   1.9867414e+01   2.2435199e+01   2.1308968e+01
   1.4349925e+01   1.9871168e+01   2.2388173e+01   2.1266797e+01
   1.4357953e+01   1.9894733e+01   2.2330502e+01   2.1215983e+01
   1.4365982e+01   1.9853791e+01   2.2271671e+01   2.1159663e+01
   1.4374011e+01   1.9778414e+01   2.2196904e+01   2.1097285e+01
   1.4382040e+01   1.9708168e+01   2.2118574e+01   2.1021770e+01
   1.4390069e+01   1.9699816e+01   2.2021572e+01   2.0946624e+01
   1.4398097e+01   1.9668849e+01   2.1923144e+01   2.0866252e+01
   1.4406126e+01   1.9569284e+01   2.1795954e+01   2.0762874e+01
   1.4414155e+01   1.9517569e+01   2.1686499e+01   2.0668607e+01
   1.4422184e+01   1.9501088e+01   2.1555367e+01   2.0557646e+01
   1.4430212e+01   1.9476194e+01   2.1416569e+01   2.0440118e+01
   1.4438241e+01   1.9414436e+01   2.1273766e+01   2.0323658e+01
   1.4446270e+01   1.9290798e+01   2.1126640e+01   2.0194042e+01
   1.4454299e+01   1.9242540e+01   2.0979209e+01   2.0066868e+01
   1.4462327e+01   1.9196919e+01   2.0798663e+01   1.9931874e+01
   1.4470356e+01   1.9175294e+01   2.0595113e+01   1.9796571e+01
   1.4478385e+01   1.9113169e+01   2.0427152e+01   1.9660452e+01
   1.4486414e+01   1.9023882e+01   2.0240410e+01   1.9511144e+01
   1.4494443e+01   1.8964185e+01   2.0028401e+01   1.9359890e+01
   1.4502471e+01   1.8902820e+01   1.9836332e+01   1.9205996e+01
   1.4510500e+01   1.8839246e+01   1.9610454e+01   1.9046669e+01
   1.4518529e+01   1.8704848e+01   1.9412273e+01   1.8882606e+01
   1.4526558e+01   1.8636958e+01   1.9198070e+01   1.8720445e+01
   1.4534586e+01   1.8602471e+01   1.8978958e+01   1.8559800e+01
   1.4542615e+01   1.8574980e+01   1.8755978e+01   1.8400853e+01
   1.4550644e+01   1.8520964e+01   1.8538617e+01   1.8240208e+01
   1.4558673e+01   1.8436746e+01   1.8332955e+01   1.8079454e+01
   1.4566702e+01   1.8368367e+01   1.8117134e+01   1.7923907e+01
   1.4574730e+01   1.8280834e+01   1.7924014e+01   1.7765695e+01
   1.4582759e+01   1.8198596e+01   1.7719530e+01   1.7613245e+01
   1.4590788e+01   1.8095959e+01   1.7504289e+01   1.7456233e+01
   1.4598817e+01   1.8021728e+01   1.7315840e+01   1.7306364e+01
   1.4606845e+01   1.7999936e+01   1.7128617e+01   1.7153430e+01
   1.4614874e+01   1.7913005e+01   1.6928410e+01   1.7006549e+01
   1.4622903e+01   1.7884512e+01   1.6729646e+01   1.6861225e+01
   1.4630932e+01   1.7809198e+01   1.6544976e+01   1.6718039e+01
   1.4638960e+01   1.7759637e+01   1.6380366e+01   1.6580595e+01
   1.4646989e+01   1.7676779e+01   1.6199408e+01   1.6446754e+01
   1.4655018e+01   1.7594188e+01   1.6018878e+01   1.6318555e+01
   1.4663047e+01   1.7543900e+01   1.5865152e+01   1.6194794e+01
   1.4671076e+01   1.7474820e+01   1.5733063e+01   1.6076238e+01
   1.4679104e+01   1.7402047e+01   1.5563239e+01   1.5966467e+01
   1.4687133e+01   1.7356413e+01   1.5403813e+01   1.5859508e+01
   1.4695162e+01   1.7315130e+01   1.5266752e+01   1.5758021e+01
   1.4703191e+01   1.7296170e+01   1.5162594e+01   1.5664496e+01
   1.4711219e+01   1.7283258e+01   1.5054125e+01   1.5573283e+01
   1.4719248e+01   1.7271160e+01   1.4925652e+01   1.5494306e+01
   1.4727277e+01   1.7221521e+01   1.4830393e+01   1.5416626e+01
   1.4735306e+01   1.7182147e+01   1.4765028e+01   1.5341650e+01
   1.4743335e+01   1.7145687e+01   1.4703793e+01   1.5284684e+01
   1.4751363e+01   1.7122389e+01   1.4620050e+01   1.5222736e+01
   1.4759392e+01   1.7096326e+01   1.4537190e+01   1.5175386e+01
   1.4767421e+01   1.7051354e+01   1.4481472e+01   1.5137629e+01
   1.4775450e+01   1.7053665e+01   1.4465792e+01   1.5100773e+01
   1.4783478e+01   1.7059277e+01   1.4450189e+01   1.5081972e+01
   1.4791507e+01   1.7064841e+01   1.4394338e+01   1.5068865e+01
   1.4799536e+01   1.7075163e+01   1.4377401e+01   1.5060592e+01
   1.4807565e+01   1.7137702e+01   1.4405450e+01   1.5062654e+01
   1.4815593e+01   1.7140020e+01   1.4439144e+01   1.5068789e+01
   1.4823622e+01   1.7135210e+01   1.4464380e+01   1.5080808e+01
   1.4831651e+01   1.7178594e+01   1.4486594e+01   1.5099850e+01
   1.4839680e+01   1.7179612e+01   1.4530390e+01   1.5122658e+01
   1.4847709e+01   1.7182145e+01   1.4596453e+01   1.5148722e+01
   1.4855737e+01   1.7191060e+01   1.4661881e+01   1.5195846e+01
   1.4863766e+01   1.7186586e+01   1.4723976e+01   1.5243988e+01
   1.4871795e+01   1.7250999e+01   1.4808001e+01   1.5301558e+01
   1.4879824e+01   1.7263057e+01   1.4889994e+01   1.5364567e+01
   1.4887852e+01   1.7290335e+01   1.5009604e+01   1.5442805e+01
   1.4895881e+01   1.7330761e+01   1.5113993e+01   1.5524863e+01
   1.4903910e+01   1.7396291e+01   1.5216075e+01   1.5606718e+01
   1.4911939e+01   1.7419527e+01   1.5314899e+01   1.5693673e+01
   1.4919968e+01   1.7464435e+01   1.5432474e+01   1.5782173e+01
   1.4927996e+01   1.7517502e+01   1.5556005e+01   1.5875125e+01
   1.4936025e+01   1.7526715e+01   1.5673938e+01   1.5981166e+01
   1.4944054e+01   1.7586006e+01   1.5803412e+01   1.6081770e+01
   1.4952083e+01   1.7611148e+01   1.5948250e+01   1.6197586e+01
   1.4960111e+01   1.7622846e+01   1.6114344e+01   1.6319837e+01
   1.4968140e+01   1.7741427e+01   1.6254789e+01   1.6440348e+01
   1.4976169e+01   1.7803137e+01   1.6417637e+01   1.6570463e+01
   1.4984198e+01   1.7873201e+01   1.6577093e+01   1.6701345e+01
   1.4992226e+01   1.7939563e+01   1.6739827e+01   1.6835704e+01
   1.5000255e+01   1.7999702e+01   1.6913141e+01   1.6973448e+01
   1.5008284e+01   1.8055481e+01   1.7079665e+01   1.7101983e+01
   1.5016313e+01   1.8034632e+01   1.7255974e+01   1.7234595e+01
   1.5024342e+01   1.8119664e+01   1.7429282e+01   1.7371941e+01
   1.5032370e+01   1.8206529e+01   1.7615335e+01   1.7514258e+01
   1.5040399e+01   1.8302546e+01   1.7802546e+01   1.7653526e+01
   1.5048428e+01   1.8354313e+01   1.7976591e+01   1.7792148e+01
   1.5056457e+01   1.8392379e+01   1.8153313e+01   1.7937849e+01
   1.5064485e+01   1.8503461e+01   1.8327076e+01   1.8090864e+01
   1.5072514e+01   1.8565119e+01   1.8505399e+01   1.8244535e+01
   1.5080543e+01   1.8668237e+01   1.8689528e+01   1.8395065e+01
   1.5088572e+01   1.8688552e+01   1.8857506e+01   1.8533117e+01
   1.5096600e+01   1.8710865e+01   1.9023819e+01   1.8675144e+01
   1.5104629e+01   1.8793169e+01   1.9195692e+01   1.8809734e+01
   1.5112658e+01   1.8897789e+01   1.9362670e+01   1.8935558e+01
   1.5120687e+01   1.8949969e+01   1.9542601e+01   1.9058567e+01
   1.5128716e+01   1.8971109e+01   1.9691186e+01   1.9180441e+01
   1.5136744e+01   1.9010251e+01   1.9841495e+01   1.9301919e+01
   1.5144773e+01   1.9077913e+01   1.9999804e+01   1.9425138e+01
   1.5152802e+01   1.9146471e+01   2.0142174e+01   1.9542270e+01
   1.5160831e+01   1.9164983e+01   2.0295794e+01   1.9667209e+01
   1.5168859e+01   1.9184640e+01   2.0446365e+01   1.9783277e+01
   1.5176888e+01   1.9224123e+01   2.0571428e+01   1.9891938e+01
   1.5184917e+01   1.9272265e+01   2.0719010e+01   1.9998780e+01
   1.5192946e+01   1.9307192e+01   2.0859433e+01   2.0093060e+01
   1.5200975e+01   1.9307159e+01   2.0978496e+01   2.0188900e+01
   1.5209003e+01   1.9336964e+01   2.1095843e+01   2.0274487e+01
   1.5217032e+01   1.9386624e+01   2.1204254e+01   2.0353184e+01
   1.5225061e+01   1.9421738e+01   2.1298534e+01   2.0431608e+01
   1.5233090e+01   1.9454477e+01   2.1402694e+01   2.0505036e+01
   1.5241118e+01   1.9473076e+01   2.1478950e+01   2.0574324e+01
   1.5249147e+01   1.9478939e+01   2.1556209e+01   2.0640552e+01
   1.5257176e+01   1.9586827e+01   2.1636944e+01   2.0693061e+01
   1.5265205e+01   1.9597379e+01   2.1689313e+01   2.0738251e+01
   1.5273233e+01   1.9584677e+01   2.1724102e+01   2.0769469e+01
   1.5281262e+01   1.9596382e+01   2.1760213e+01   2.0801252e+01
   1.5289291e+01   1.9525673e+01   2.1775595e+01   2.0813924e+01
   1.5297320e+01   1.9565871e+01   2.1814271e+01   2.0823800e+01
   1.5305349e+01   1.9626595e+01   2.1815706e+01   2.0827186e+01
   1.5313377e+01   1.9568178e+01   2.1820277e+01   2.0826141e+01
   1.5321406e+01   1.9517851e+01   2.1814726e+01   2.0820406e+01
   1.5329435e+01   1.9521268e+01   2.1815478e+01   2.0815373e+01
   1.5337464e+01   1.9658074e+01   2.1811121e+01   2.0800009e+01
   1.5345492e+01   1.9694455e+01   2.1799367e+01   2.0783727e+01
   1.5353521e+01   1.9651427e+01   2.1762191e+01   2.0762102e+01
   1.5361550e+01   1.9568750e+01   2.1734789e+01   2.0721262e+01
   1.5369579e+01   1.9547781e+01   2.1682106e+01   2.0674368e+01
   1.5377608e+01   1.9533296e+01   2.1613212e+01   2.0624698e+01
   1.5385636e+01   1.9544844e+01   2.1560047e+01   2.0562055e+01
   1.5393665e+01   1.9463556e+01   2.1480682e+01   2.0495542e+01
   1.5401694e+01   1.9422452e+01   2.1398248e+01   2.0429961e+01
   1.5409723e+01   1.9380895e+01   2.1304390e+01   2.0348992e+01
   1.5417751e+01   1.9363916e+01   2.1201568e+01   2.0271814e+01
   1.5425780e+01   1.9364215e+01   2.1080367e+01   2.0193914e+01
   1.5433809e+01   1.9359723e+01   2.0990867e+01   2.0107054e+01
   1.5441838e+01   1.9274552e+01   2.0870344e+01   2.0017676e+01
   1.5449866e+01   1.9186661e+01   2.0742701e+01   1.9922777e+01
   1.5457895e+01   1.9154368e+01   2.0602922e+01   1.9818280e+01
   1.5465924e+01   1.9153800e+01   2.0449468e+01   1.9714074e+01
   1.5473953e+01   1.9152075e+01   2.0318949e+01   1.9604096e+01
   1.5481982e+01   1.9067077e+01   2.0182644e+01   1.9488278e+01
   1.5490010e+01   1.8967653e+01   2.0027626e+01   1.9368955e+01
   1.5498039e+01   1.8934988e+01   1.9856453e+01   1.9248210e+01
   1.5506068e+01   1.8911971e+01   1.9690380e+01   1.9125646e+01
   1.5514097e+01   1.8859553e+01   1.9532417e+01   1.9000514e+01
   1.5522125e+01   1.8775947e+01   1.9359496e+01   1.8877632e+01
   1.5530154e+01   1.8716200e+01   1.9192935e+01   1.8751070e+01
   1.5538183e+01   1.8704481e+01   1.9025546e+01   1.8626669e+01
   1.5546212e+01   1.8686497e+01   1.8841808e+01   1.8499166e+01
   1.5554240e+01   1.8634244e+01   1.8670331e+01   1.8373022e+01
   1.5562269e+01   1.8550667e+01   1.8503268e+01   1.8245512e+01
   1.5570298e+01   1.8473992e+01   1.8334063e+01   1.8115460e+01
   1.5578327e+01   1.8403402e+01   1.8157696e+01   1.7987590e+01
   1.5586356e+01   1.8332956e+01   1.7988841e+01   1.7862452e+01
   1.5594384e+01   1.8302706e+01   1.7821031e+01   1.7735723e+01
   1.5602413e+01   1.8233590e+01   1.7641337e+01   1.7612314e+01
   1.5610442e+01   1.8187172e+01   1.7473230e+01   1.7488657e+01
   1.5618471e+01   1.8154046e+01   1.7314974e+01   1.7364808e+01
   1.5626499e+01   1.8123729e+01   1.7175059e+01   1.7249874e+01
   1.5634528e+01   1.8079484e+01   1.7020451e+01   1.7132810e+01
   1.5642557e+01   1.8035024e+01   1.6875065e+01   1.7019624e+01
   1.5650586e+01   1.7918618e+01   1.6729098e+01   1.6908256e+01
   1.5658615e+01   1.7892213e+01   1.6592158e+01   1.6800512e+01
   1.5666643e+01   1.7857681e+01   1.6450701e+01   1.6697235e+01
   1.5674672e+01   1.7811631e+01   1.6307624e+01   1.6598497e+01
   1.5682701e+01   1.7746038e+01   1.6166760e+01   1.6504330e+01
   1.5690730e+01   1.7721924e+01   1.6077560e+01   1.6414932e+01
   1.5698758e+01   1.7674517e+01   1.5942730e+01   1.6331932e+01
   1.5706787e+01   1.7685238e+01   1.5828132e+01   1.6254771e+01
   1.5714816e+01   1.7649605e+01   1.5734733e+01   1.6183461e+01
   1.5722845e+01   1.7608519e+01   1.5664583e+01   1.6119859e+01
   1.5730873e+01   1.7569479e+01   1.5583246e+01   1.6056342e+01
   1.5738902e+01   1.7542376e+01   1.5507258e+01   1.5998141e+01
   1.5746931e+01   1.7521865e+01   1.5413161e+01   1.5951710e+01
   1.5754960e+01   1.7510745e+01   1.5351317e+01   1.5903028e+01
   1.5762989e+01   1.7511758e+01   1.5322564e+01   1.5858350e+01
   1.5771017e+01   1.7505603e+01   1.5297758e+01   1.5825997e+01
   1.5779046e+01   1.7500670e+01   1.5264747e+01   1.5792166e+01
   1.5787075e+01   1.7496237e+01   1.5222167e+01   1.5763311e+01
   1.5795104e+01   1.7518801e+01   1.5210851e+01   1.5748276e+01
   1.5803132e+01   1.7497691e+01   1.5220789e+01   1.5738230e+01
   1.5811161e+01   1.7505727e+01   1.5234190e+01   1.5728025e+01
   1.5819190e+01   1.7509787e+01   1.5242110e+01   1.5734574e+01
   1.5827219e+01   1.7509142e+01   1.5230531e+01   1.5747226e+01
   1.5835248e+01   1.7501432e+01   1.5239515e+01   1.5763676e+01
   1.5843276e+01   1.7533773e+01   1.5291855e+01   1.5789142e+01
   1.5851305e+01   1.7557478e+01   1.5338573e+01   1.5816994e+01
   1.5859334e+01   1.7571070e+01   1.5362644e+01   1.5847308e+01
   1.5867363e+01   1.7579854e+01   1.5403850e+01   1.5890324e+01
   1.5875391e+01   1.7589786e+01   1.5441294e+01   1.5931515e+01
   1.5883420e+01   1.7597095e+01   1.5518994e+01   1.5978302e+01
   1.5891449e+01   1.7617094e+01   1.5595187e+01   1.6023430e+01
   1.5899478e+01   1.7671130e+01   1.5672818e+01   1.6087461e+01
   1.5907506e+01   1.7688493e+01   1.5759309e+01   1.6154245e+01
   1.5915535e+01   1.7742544e+01   1.5857306e+01   1.6218949e+01
   1.5923564e+01   1.7799292e+01   1.5959120e+01   1.6287090e+01
   1.5931593e+01   1.7861892e+01   1.6063413e+01   1.6361775e+01
   1.5939622e+01   1.7926302e+01   1.6185523e+01   1.6446051e+01
   1.5947650e+01   1.7950855e+01   1.6303841e+01   1.6533644e+01
   1.5955679e+01   1.7966423e+01   1.6412233e+01   1.6620932e+01
   1.5963708e+01   1.8038623e+01   1.6537539e+01   1.6709585e+01
   1.5971737e+01   1.8040009e+01   1.6674868e+01   1.6812453e+01
   1.5979765e+01   1.8096136e+01   1.6798615e+01   1.6915305e+01
   1.5987794e+01   1.8112691e+01   1.6945069e+01   1.7025971e+01
   1.5995823e+01   1.8138785e+01   1.7070109e+01   1.7135236e+01
   1.6003852e+01   1.8176007e+01   1.7201962e+01   1.7231780e+01
   1.6011881e+01   1.8243051e+01   1.7345214e+01   1.7338171e+01
   1.6019909e+01   1.8280443e+01   1.7481665e+01   1.7448587e+01
   1.6027938e+01   1.8291865e+01   1.7608328e+01   1.7555824e+01
   1.6035967e+01   1.8330588e+01   1.7745936e+01   1.7667121e+01
   1.6043996e+01   1.8392247e+01   1.7887966e+01   1.7779265e+01
   1.6052024e+01   1.8484501e+01   1.8029032e+01   1.7892342e+01
   1.6060053e+01   1.8516577e+01   1.8181892e+01   1.8013815e+01
   1.6068082e+01   1.8543432e+01   1.8321366e+01   1.8137189e+01
   1.6076111e+01   1.8551277e+01   1.8481600e+01   1.8260871e+01
   1.6084139e+01   1.8628610e+01   1.8632545e+01   1.8385668e+01
   1.6092168e+01   1.8687314e+01   1.8790876e+01   1.8509448e+01
   1.6100197e+01   1.8717279e+01   1.8937245e+01   1.8626390e+01
   1.6108226e+01   1.8740953e+01   1.9075497e+01   1.8732442e+01
   1.6116255e+01   1.8760670e+01   1.9212759e+01   1.8837875e+01
   1.6124283e+01   1.8835558e+01   1.9358897e+01   1.8939574e+01
   1.6132312e+01   1.8898057e+01   1.9498559e+01   1.9039683e+01
   1.6140341e+01   1.8929378e+01   1.9630613e+01   1.9133786e+01
   1.6148370e+01   1.8958894e+01   1.9762670e+01   1.9219657e+01
   1.6156398e+01   1.9014325e+01   1.9895976e+01   1.9316744e+01
   1.6164427e+01   1.9060099e+01   2.0015050e+01   1.9413097e+01
   1.6172456e+01   1.9091313e+01   2.0140782e+01   1.9509898e+01
   1.6180485e+01   1.9122459e+01   2.0259853e+01   1.9605645e+01
   1.6188513e+01   1.9147853e+01   2.0357572e+01   1.9690362e+01
   1.6196542e+01   1.9164202e+01   2.0475638e+01   1.9775623e+01
   1.6204571e+01   1.9182130e+01   2.0571214e+01   1.9854573e+01
   1.6212600e+01   1.9203728e+01   2.0661360e+01   1.9928624e+01
   1.6220629e+01   1.9235188e+01   2.0749482e+01   1.9992230e+01
   1.6228657e+01   1.9229175e+01   2.0834129e+01   2.0052018e+01
   1.6236686e+01   1.9246451e+01   2.0902728e+01   2.0108211e+01
   1.6244715e+01   1.9272575e+01   2.0970407e+01   2.0161654e+01
   1.6252744e+01   1.9301908e+01   2.1029499e+01   2.0213554e+01
   1.6260772e+01   1.9335357e+01   2.1085328e+01   2.0247686e+01
   1.6268801e+01   1.9330906e+01   2.1140908e+01   2.0287317e+01
   1.6276830e+01   1.9321819e+01   2.1162214e+01   2.0321667e+01
   1.6284859e+01   1.9327321e+01   2.1204751e+01   2.0356123e+01
   1.6292888e+01   1.9384809e+01   2.1221107e+01   2.0379838e+01
   1.6300916e+01   1.9394785e+01   2.1262478e+01   2.0398817e+01
   1.6308945e+01   1.9350186e+01   2.1308408e+01   2.0412325e+01
   1.6316974e+01   1.9311476e+01   2.1312641e+01   2.0417084e+01
   1.6325003e+01   1.9334265e+01   2.1307632e+01   2.0419835e+01
   1.6333031e+01   1.9384526e+01   2.1304459e+01   2.0413501e+01
   1.6341060e+01   1.9427010e+01   2.1305931e+01   2.0396093e+01
   1.6349089e+01   1.9395012e+01   2.1302633e+01   2.0373400e+01
   1.6357118e+01   1.9326208e+01   2.1285853e+01   2.0351149e+01
   1.6365146e+01   1.9316759e+01   2.1238834e+01   2.0320611e+01
   1.6373175e+01   1.9348629e+01   2.1183471e+01   2.0278595e+01
   1.6381204e+01   1.9389243e+01   2.1154829e+01   2.0245788e+01
   1.6389233e+01   1.9366850e+01   2.1101402e+01   2.0203679e+01
   1.6397262e+01   1.9314173e+01   2.1028551e+01   2.0154151e+01
   1.6405290e+01   1.9257872e+01   2.0966475e+01   2.0104953e+01
   1.6413319e+01   1.9252149e+01   2.0883627e+01   2.0048337e+01
   1.6421348e+01   1.9281194e+01   2.0789302e+01   1.9983302e+01
   1.6429377e+01   1.9245939e+01   2.0707863e+01   1.9916155e+01
   1.6437405e+01   1.9193447e+01   2.0629783e+01   1.9847224e+01
   1.6445434e+01   1.9128875e+01   2.0524469e+01   1.9771803e+01
   1.6453463e+01   1.9107557e+01   2.0412789e+01   1.9694580e+01
   1.6461492e+01   1.9068740e+01   2.0317048e+01   1.9615016e+01
   1.6469521e+01   1.9056565e+01   2.0212190e+01   1.9528269e+01
   1.6477549e+01   1.9043871e+01   2.0093238e+01   1.9443717e+01
   1.6485578e+01   1.8956563e+01   1.9980358e+01   1.9356224e+01
   1.6493607e+01   1.8929622e+01   1.9846194e+01   1.9266198e+01
   1.6501636e+01   1.8908881e+01   1.9696473e+01   1.9174711e+01
   1.6509664e+01   1.8873924e+01   1.9580083e+01   1.9078869e+01
   1.6517693e+01   1.8815766e+01   1.9462746e+01   1.8982429e+01
   1.6525722e+01   1.8786130e+01   1.9334938e+01   1.8879156e+01
   1.6533751e+01   1.8745002e+01   1.9186185e+01   1.8780208e+01
   1.6541779e+01   1.8666873e+01   1.9047012e+01   1.8675243e+01
   1.6549808e+01   1.8643505e+01   1.8909817e+01   1.8572170e+01
   1.6557837e+01   1.8593585e+01   1.8771848e+01   1.8467097e+01
   1.6565866e+01   1.8536125e+01   1.8635867e+01   1.8361687e+01
   1.6573895e+01   1.8487794e+01   1.8492367e+01   1.8259208e+01
   1.6581923e+01   1.8461088e+01   1.8347722e+01   1.8152781e+01
   1.6589952e+01   1.8437146e+01   1.8191750e+01   1.8053516e+01
   1.6597981e+01   1.8392074e+01   1.8053822e+01   1.7950116e+01
   1.6606010e+01   1.8404218e+01   1.7930722e+01   1.7852365e+01
   1.6614038e+01   1.8381809e+01   1.7775852e+01   1.7752907e+01
   1.6622067e+01   1.8333685e+01   1.7641775e+01   1.7656146e+01
   1.6630096e+01   1.8304473e+01   1.7522968e+01   1.7561803e+01
   1.6638125e+01   1.8269575e+01   1.7395538e+01   1.7467245e+01
   1.6646154e+01   1.8223424e+01   1.7254051e+01   1.7377132e+01
   1.6654182e+01   1.8170557e+01   1.7130921e+01   1.7284817e+01
   1.6662211e+01   1.8142832e+01   1.7018021e+01   1.7199436e+01
   1.6670240e+01   1.8085750e+01   1.6914775e+01   1.7116764e+01
   1.6678269e+01   1.8071757e+01   1.6820840e+01   1.7038191e+01
   1.6686297e+01   1.8109484e+01   1.6716768e+01   1.6961881e+01
   1.6694326e+01   1.8092997e+01   1.6607895e+01   1.6887145e+01
   1.6702355e+01   1.8085581e+01   1.6503106e+01   1.6817056e+01
   1.6710384e+01   1.8055569e+01   1.6443716e+01   1.6749927e+01
   1.6718412e+01   1.8048571e+01   1.6377398e+01   1.6691455e+01
   1.6726441e+01   1.8026522e+01   1.6294725e+01   1.6636325e+01
   1.6734470e+01   1.8022776e+01   1.6210789e+01   1.6581232e+01
   1.6742499e+01   1.7975316e+01   1.6151693e+01   1.6532314e+01
   1.6750528e+01   1.7944175e+01   1.6106294e+01   1.6490119e+01
   1.6758556e+01   1.7896690e+01   1.6064410e+01   1.6449462e+01
   1.6766585e+01   1.7883085e+01   1.6027783e+01   1.6416256e+01
   1.6774614e+01   1.7877451e+01   1.5968688e+01   1.6393895e+01
   1.6782643e+01   1.7879525e+01   1.5927850e+01   1.6368121e+01
   1.6790671e+01   1.7841419e+01   1.5914050e+01   1.6344164e+01
   1.6798700e+01   1.7854422e+01   1.5903080e+01   1.6332354e+01
   1.6806729e+01   1.7869837e+01   1.5891266e+01   1.6323920e+01
   1.6814758e+01   1.7866956e+01   1.5864865e+01   1.6312247e+01
   1.6822786e+01   1.7867612e+01   1.5856069e+01   1.6314172e+01
   1.6830815e+01   1.7850914e+01   1.5850519e+01   1.6320103e+01
   1.6838844e+01   1.7852181e+01   1.5867877e+01   1.6322096e+01
   1.6846873e+01   1.7862265e+01   1.5888001e+01   1.6329438e+01
   1.6854902e+01   1.7847411e+01   1.5920428e+01   1.6348866e+01
   1.6862930e+01   1.7858183e+01   1.5932189e+01   1.6372512e+01
   1.6870959e+01   1.7855067e+01   1.5955279e+01   1.6398137e+01
   1.6878988e+01   1.7887015e+01   1.6013753e+01   1.6431645e+01
   1.6887017e+01   1.7929098e+01   1.6094202e+01   1.6470066e+01
   1.6895045e+01   1.7962618e+01   1.6154610e+01   1.6510569e+01
   1.6903074e+01   1.8024442e+01   1.6221682e+01   1.6562690e+01
   1.6911103e+01   1.8016259e+01   1.6292472e+01   1.6621122e+01
   1.6919132e+01   1.8012356e+01   1.6358902e+01   1.6674252e+01
   1.6927161e+01   1.8037511e+01   1.6442412e+01   1.6730351e+01
   1.6935189e+01   1.8063027e+01   1.6536312e+01   1.6782801e+01
   1.6943218e+01   1.8081290e+01   1.6629932e+01   1.6848687e+01
   1.6951247e+01   1.8094640e+01   1.6699519e+01   1.6917136e+01
   1.6959276e+01   1.8105754e+01   1.6794773e+01   1.6982830e+01
   1.6967304e+01   1.8134206e+01   1.6895121e+01   1.7048942e+01
   1.6975333e+01   1.8175049e+01   1.7002188e+01   1.7118690e+01
   1.6983362e+01   1.8244646e+01   1.7106716e+01   1.7197304e+01
   1.6991391e+01   1.8293544e+01   1.7217133e+01   1.7282924e+01
   1.6999419e+01   1.8307549e+01   1.7331421e+01   1.7373738e+01
   1.7007448e+01   1.8336332e+01   1.7438453e+01   1.7461094e+01
   1.7015477e+01   1.8407867e+01   1.7556209e+01   1.7549798e+01
   1.7023506e+01   1.8435927e+01   1.7674546e+01   1.7646278e+01
   1.7031535e+01   1.8484700e+01   1.7789296e+01   1.7742685e+01
   1.7039563e+01   1.8479902e+01   1.7899569e+01   1.7831383e+01
   1.7047592e+01   1.8486620e+01   1.8017171e+01   1.7926256e+01
   1.7055621e+01   1.8514595e+01   1.8140673e+01   1.8024772e+01
   1.7063650e+01   1.8571360e+01   1.8261355e+01   1.8116425e+01
   1.7071678e+01   1.8619183e+01   1.8390743e+01   1.8208242e+01
   1.7079707e+01   1.8643296e+01   1.8510680e+01   1.8302792e+01
   1.7087736e+01   1.8664913e+01   1.8628930e+01   1.8396021e+01
   1.7095765e+01   1.8659413e+01   1.8755408e+01   1.8482176e+01
   1.7103794e+01   1.8713163e+01   1.8875985e+01   1.8570084e+01
   1.7111822e+01   1.8777956e+01   1.8992535e+01   1.8662873e+01
   1.7119851e+01   1.8795852e+01   1.9110773e+01   1.8751482e+01
   1.7127880e+01   1.8807494e+01   1.9221761e+01   1.8836769e+01
   1.7135909e+01   1.8824218e+01   1.9332391e+01   1.8925054e+01
   1.7143937e+01   1.8860793e+01   1.9435536e+01   1.9008000e+01
   1.7151966e+01   1.8869115e+01   1.9550445e+01   1.9089208e+01
   1.7159995e+01   1.8911226e+01   1.9655778e+01   1.9169859e+01
   1.7168024e+01   1.8952567e+01   1.9753263e+01   1.9251392e+01
   1.7176052e+01   1.8976748e+01   1.9863403e+01   1.9331735e+01
   1.7184081e+01   1.9006991e+01   1.9963903e+01   1.9400612e+01
   1.7192110e+01   1.9018263e+01   2.0052712e+01   1.9465561e+01
   1.7200139e+01   1.9052243e+01   2.0144761e+01   1.9529225e+01
   1.7208168e+01   1.9083135e+01   2.0237776e+01   1.9589544e+01
   1.7216196e+01   1.9083784e+01   2.0310314e+01   1.9652383e+01
   1.7224225e+01   1.9107821e+01   2.0381454e+01   1.9706127e+01
   1.7232254e+01   1.9138757e+01   2.0455434e+01   1.9752364e+01
   1.7240283e+01   1.9167092e+01   2.0532165e+01   1.9800494e+01
   1.7248311e+01   1.9182587e+01   2.0589996e+01   1.9845183e+01
   1.7256340e+01   1.9195540e+01   2.0635400e+01   1.9891719e+01
   1.7264369e+01   1.9208118e+01   2.0688764e+01   1.9927506e+01
   1.7272398e+01   1.9221458e+01   2.0723265e+01   1.9960214e+01
   1.7280426e+01   1.9250813e+01   2.0778242e+01   1.9992505e+01
   1.7288455e+01   1.9287726e+01   2.0815397e+01   2.0017264e+01
   1.7296484e+01   1.9265665e+01   2.0836582e+01   2.0038187e+01
   1.7304513e+01   1.9242332e+01   2.0841999e+01   2.0057551e+01
   1.7312542e+01   1.9230779e+01   2.0850048e+01   2.0071827e+01
   1.7320570e+01   1.9261261e+01   2.0877268e+01   2.0075705e+01
   1.7328599e+01   1.9291083e+01   2.0874614e+01   2.0074858e+01
   1.7336628e+01   1.9285800e+01   2.0882451e+01   2.0076754e+01
   1.7344657e+01   1.9231908e+01   2.0868963e+01   2.0070347e+01
   1.7352685e+01   1.9204903e+01   2.0842365e+01   2.0051768e+01
   1.7360714e+01   1.9185532e+01   2.0808719e+01   2.0033850e+01
   1.7368743e+01   1.9226104e+01   2.0793858e+01   2.0014837e+01
   1.7376772e+01   1.9256995e+01   2.0774405e+01   1.9983791e+01
   1.7384801e+01   1.9213434e+01   2.0734131e+01   1.9949476e+01
   1.7392829e+01   1.9220093e+01   2.0687398e+01   1.9919304e+01
   1.7400858e+01   1.9159809e+01   2.0644526e+01   1.9884961e+01
   1.7408887e+01   1.9133932e+01   2.0580445e+01   1.9844840e+01
   1.7416916e+01   1.9142233e+01   2.0535880e+01   1.9800830e+01
   1.7424944e+01   1.9150374e+01   2.0476068e+01   1.9753907e+01
   1.7432973e+01   1.9124151e+01   2.0424073e+01   1.9703317e+01
   1.7441002e+01   1.9076223e+01   2.0353815e+01   1.9649716e+01
   1.7449031e+01   1.9033927e+01   2.0269193e+01   1.9596774e+01
   1.7457059e+01   1.9041431e+01   2.0191427e+01   1.9536316e+01
   1.7465088e+01   1.8994619e+01   2.0114476e+01   1.9471489e+01
   1.7473117e+01   1.9000629e+01   2.0030755e+01   1.9406289e+01
   1.7481146e+01   1.8976572e+01   1.9933773e+01   1.9337274e+01
   1.7489175e+01   1.8940785e+01   1.9819934e+01   1.9264436e+01
   1.7497203e+01   1.8889817e+01   1.9729888e+01   1.9190995e+01
   1.7505232e+01   1.8872544e+01   1.9626132e+01   1.9115259e+01
   1.7513261e+01   1.8864759e+01   1.9515761e+01   1.9036204e+01
   1.7521290e+01   1.8836111e+01   1.9412529e+01   1.8954802e+01
   1.7529318e+01   1.8806223e+01   1.9285430e+01   1.8877665e+01
   1.7537347e+01   1.8782129e+01   1.9161597e+01   1.8796513e+01
   1.7545376e+01   1.8724801e+01   1.9040885e+01   1.8714166e+01
