   8.0000000e+00   3.4564361e-02
   8.0320320e+00   3.9124451e-02
   8.0640641e+00   4.8429176e-02
   8.0960961e+00   6.2642027e-02
   8.1281281e+00   8.2054385e-02
   8.1601602e+00   1.0708546e-01
   8.1921922e+00   1.3827948e-01
   8.2242242e+00   1.7629586e-01
   8.2562563e+00   2.2188657e-01
   8.2882883e+00   2.7585464e-01
   8.3203203e+00   3.3898958e-01
   8.3523524e+00   3.4166260e-01
   8.3843844e+00   3.3916965e-01
   8.4164164e+00   3.3745213e-01
   8.4484484e+00   3.3648443e-01
   8.4804805e+00   3.3625015e-01
   8.5125125e+00   3.3674157e-01
   8.5445445e+00   3.3795942e-01
   8.5765766e+00   3.3991277e-01
   8.6086086e+00   3.4261921e-01
   8.6406406e+00   3.4610523e-01
   8.6726727e+00   3.5040677e-01
   8.7047047e+00   3.5557008e-01
   8.7367367e+00   3.3259091e-01
   8.7687688e+00   2.8921541e-01
   8.8008008e+00   2.5351778e-01
   8.8328328e+00   2.2475782e-01
   8.8648649e+00   2.0228243e-01
   8.8968969e+00   1.8554332e-01
   8.9289289e+00   1.7410426e-01
   8.9609610e+00   1.6764203e-01
   8.9929930e+00   1.6594413e-01
   9.0250250e+00   1.6890545e-01
   9.0570571e+00   1.7652500e-01
   9.0890891e+00   1.8890303e-01
   9.1211211e+00   2.0623817e-01
   9.1531532e+00   2.2882349e-01
   9.1851852e+00   2.5703961e-01
   9.2172172e+00   2.9134260e-01
   9.2492492e+00   3.3224364e-01
   9.2812813e+00   3.8027802e-01
   9.3133133e+00   3.8396400e-01
   9.3453453e+00   3.8014716e-01
   9.3773774e+00   3.7720853e-01
   9.4094094e+00   3.7510929e-01
   9.4414414e+00   3.7382079e-01
   9.4734735e+00   3.7332380e-01
   9.5055055e+00   3.7360796e-01
   9.5375375e+00   3.7467150e-01
   9.5695696e+00   3.7652109e-01
   9.6016016e+00   3.7917192e-01
   9.6336336e+00   3.8264799e-01
   9.6656657e+00   3.8698252e-01
   9.6976977e+00   3.9221871e-01
   9.7297297e+00   3.9841051e-01
   9.7617618e+00   4.0562385e-01
   9.7937938e+00   3.7253866e-01
   9.8258258e+00   3.4361086e-01
   9.8578579e+00   3.2056504e-01
   9.8898899e+00   3.0297490e-01
   9.9219219e+00   2.9048915e-01
   9.9539540e+00   2.8283715e-01
   9.9859860e+00   2.7983096e-01
   1.0018018e+01   2.8136507e-01
   1.0050050e+01   2.8741492e-01
   1.0082082e+01   2.9803445e-01
   1.0114114e+01   3.1335268e-01
   1.0146146e+01   3.3356871e-01
   1.0178178e+01   3.5894413e-01
   1.0210210e+01   3.8979167e-01
   1.0242242e+01   4.2645861e-01
   1.0274274e+01   4.2755164e-01
   1.0306306e+01   4.2225344e-01
   1.0338338e+01   4.1794372e-01
   1.0370370e+01   4.1457006e-01
   1.0402402e+01   4.1209119e-01
   1.0434434e+01   4.1047603e-01
   1.0466466e+01   4.0970294e-01
   1.0498498e+01   4.0975914e-01
   1.0530531e+01   4.1064043e-01
   1.0562563e+01   4.1235101e-01
   1.0594595e+01   4.1490345e-01
   1.0626627e+01   4.1831892e-01
   1.0658659e+01   4.2262750e-01
   1.0690691e+01   4.2786871e-01
   1.0722723e+01   4.3409220e-01
   1.0754755e+01   4.4135864e-01
   1.0786787e+01   4.4974081e-01
   1.0818819e+01   4.4720894e-01
   1.0850851e+01   4.2400793e-01
   1.0882883e+01   4.0593964e-01
   1.0914915e+01   3.9272704e-01
   1.0946947e+01   3.8414901e-01
   1.0978979e+01   3.8004445e-01
   1.1011011e+01   3.8031388e-01
   1.1043043e+01   3.8491930e-01
   1.1075075e+01   3.9388256e-01
   1.1107107e+01   4.0728233e-01
   1.1139139e+01   4.2524939e-01
   1.1171171e+01   4.4795980e-01
   1.1203203e+01   4.7562529e-01
   1.1235235e+01   4.7250292e-01
   1.1267267e+01   4.6558413e-01
   1.1299299e+01   4.5976908e-01
   1.1331331e+01   4.5499212e-01
   1.1363363e+01   4.5119954e-01
   1.1395395e+01   4.4834850e-01
   1.1427427e+01   4.4640613e-01
   1.1459459e+01   4.4534881e-01
   1.1491491e+01   4.4516169e-01
   1.1523524e+01   4.4583831e-01
   1.1555556e+01   4.4738041e-01
   1.1587588e+01   4.4979791e-01
   1.1619620e+01   4.5310897e-01
   1.1651652e+01   4.5734025e-01
   1.1683684e+01   4.6252730e-01
   1.1715716e+01   4.6871509e-01
   1.1747748e+01   4.7595862e-01
   1.1779780e+01   4.8432381e-01
   1.1811812e+01   4.9388842e-01
   1.1843844e+01   5.0474310e-01
   1.1875876e+01   4.9721151e-01
   1.1907908e+01   4.8352485e-01
   1.1939940e+01   4.7424028e-01
   1.1971972e+01   4.6922298e-01
   1.2004004e+01   4.6838316e-01
   1.2036036e+01   4.7167677e-01
   1.2068068e+01   4.7910466e-01
   1.2100100e+01   4.9071027e-01
   1.2132132e+01   5.0657575e-01
   1.2164164e+01   5.2681631e-01
   1.2196196e+01   5.1883496e-01
   1.2228228e+01   5.1018056e-01
   1.2260260e+01   5.0274652e-01
   1.2292292e+01   4.9645507e-01
   1.2324324e+01   4.9124089e-01
   1.2356356e+01   4.8705004e-01
   1.2388388e+01   4.8383891e-01
   1.2420420e+01   4.8157348e-01
   1.2452452e+01   4.8022869e-01
   1.2484484e+01   4.7978793e-01
   1.2516517e+01   4.8024274e-01
   1.2548549e+01   4.8159256e-01
   1.2580581e+01   4.8384467e-01
   1.2612613e+01   4.8701422e-01
   1.2644645e+01   4.9112438e-01
   1.2676677e+01   4.9620659e-01
   1.2708709e+01   5.0230097e-01
   1.2740741e+01   5.0945678e-01
   1.2772773e+01   5.1773302e-01
   1.2804805e+01   5.2719907e-01
   1.2836837e+01   5.3793551e-01
   1.2868869e+01   5.5003488e-01
   1.2900901e+01   5.6360251e-01
   1.2932933e+01   5.5504190e-01
   1.2964965e+01   5.4927522e-01
   1.2996997e+01   5.4747266e-01
   1.3029029e+01   5.4958910e-01
   1.3061061e+01   5.5561255e-01
   1.3093093e+01   5.6556262e-01
   1.3125125e+01   5.7841057e-01
   1.3157157e+01   5.6650098e-01
   1.3189189e+01   5.5602645e-01
   1.3221221e+01   5.4688551e-01
   1.3253253e+01   5.3899033e-01
   1.3285285e+01   5.3226559e-01
   1.3317317e+01   5.2664743e-01
   1.3349349e+01   5.2208249e-01
   1.3381381e+01   5.1852718e-01
   1.3413413e+01   5.1594695e-01
   1.3445445e+01   5.1431577e-01
   1.3477477e+01   5.1361569e-01
   1.3509510e+01   5.1383652e-01
   1.3541542e+01   5.1497561e-01
   1.3573574e+01   5.1703775e-01
   1.3605606e+01   5.2003516e-01
   1.3637638e+01   5.2398755e-01
   1.3669670e+01   5.2892232e-01
   1.3701702e+01   5.3487478e-01
   1.3733734e+01   5.4188852e-01
   1.3765766e+01   5.5001577e-01
   1.3797798e+01   5.5931791e-01
   1.3829830e+01   5.6986593e-01
   1.3861862e+01   5.8174095e-01
   1.3893894e+01   5.9503474e-01
   1.3925926e+01   6.0985012e-01
   1.3957958e+01   6.2163607e-01
   1.3989990e+01   6.1900616e-01
   1.4022022e+01   6.2007703e-01
   1.4054054e+01   6.2482962e-01
   1.4086086e+01   6.2927951e-01
   1.4118118e+01   6.1539017e-01
   1.4150150e+01   6.0304689e-01
   1.4182182e+01   5.9214185e-01
   1.4214214e+01   5.8258001e-01
   1.4246246e+01   5.7427830e-01
   1.4278278e+01   5.6716478e-01
   1.4310310e+01   5.6117787e-01
   1.4342342e+01   5.5626562e-01
   1.4374374e+01   5.5238506e-01
   1.4406406e+01   5.4950170e-01
   1.4438438e+01   5.4758900e-01
   1.4470470e+01   5.4662806e-01
   1.4502503e+01   5.4660727e-01
   1.4534535e+01   5.4752215e-01
   1.4566567e+01   5.4937521e-01
   1.4598599e+01   5.5217591e-01
   1.4630631e+01   5.5594065e-01
   1.4662663e+01   5.6069292e-01
   1.4694695e+01   5.6646343e-01
   1.4726727e+01   5.7329032e-01
   1.4758759e+01   5.8121940e-01
   1.4790791e+01   5.9030450e-01
   1.4822823e+01   6.0060771e-01
   1.4854855e+01   6.1219970e-01
   1.4886887e+01   6.2516001e-01
   1.4918919e+01   6.3957718e-01
   1.4950951e+01   6.5554883e-01
   1.4982983e+01   6.7318153e-01
   1.5015015e+01   6.8423463e-01
   1.5047047e+01   6.8119204e-01
   1.5079079e+01   6.6533186e-01
   1.5111111e+01   6.5111087e-01
   1.5143143e+01   6.3841900e-01
   1.5175175e+01   6.2715745e-01
   1.5207207e+01   6.1723827e-01
   1.5239239e+01   6.0858381e-01
   1.5271271e+01   6.0112622e-01
   1.5303303e+01   5.9480684e-01
   1.5335335e+01   5.8957571e-01
   1.5367367e+01   5.8539109e-01
   1.5399399e+01   5.8221899e-01
   1.5431431e+01   5.8003282e-01
   1.5463463e+01   5.7881307e-01
   1.5495495e+01   5.7854707e-01
   1.5527528e+01   5.7922878e-01
   1.5559560e+01   5.8085866e-01
   1.5591592e+01   5.8344364e-01
   1.5623624e+01   5.8699705e-01
   1.5655656e+01   5.9153870e-01
   1.5687688e+01   5.9709496e-01
   1.5719720e+01   6.0369886e-01
   1.5751752e+01   6.1139024e-01
   1.5783784e+01   6.2021592e-01
   1.5815816e+01   6.3022986e-01
   1.5847848e+01   6.4149331e-01
   1.5879880e+01   6.5407488e-01
   1.5911912e+01   6.6805058e-01
   1.5943944e+01   6.8350367e-01
   1.5975976e+01   7.0052446e-01
   1.6008008e+01   7.1016476e-01
   1.6040040e+01   7.1024381e-01
   1.6072072e+01   7.0003760e-01
   1.6104104e+01   6.8557252e-01
   1.6136136e+01   6.7261037e-01
   1.6168168e+01   6.6106153e-01
   1.6200200e+01   6.5084537e-01
   1.6232232e+01   6.4189009e-01
   1.6264264e+01   6.3413235e-01
   1.6296296e+01   6.2751689e-01
   1.6328328e+01   6.2199621e-01
   1.6360360e+01   6.1753022e-01
   1.6392392e+01   6.1408585e-01
   1.6424424e+01   6.1163683e-01
   1.6456456e+01   6.1016342e-01
   1.6488488e+01   6.0965215e-01
   1.6520521e+01   6.1009571e-01
   1.6552553e+01   6.1149282e-01
   1.6584585e+01   6.1384810e-01
   1.6616617e+01   6.1717210e-01
   1.6648649e+01   6.2148125e-01
   1.6680681e+01   6.2679790e-01
   1.6712713e+01   6.3315036e-01
   1.6744745e+01   6.4057298e-01
   1.6776777e+01   6.4910621e-01
   1.6808809e+01   6.5879667e-01
   1.6840841e+01   6.6969716e-01
   1.6872873e+01   6.8186663e-01
   1.6904905e+01   6.9537015e-01
   1.6936937e+01   7.1027862e-01
   1.6968969e+01   7.1551012e-01
   1.7001001e+01   7.1522030e-01
   1.7033033e+01   7.1528346e-01
   1.7065065e+01   7.1570054e-01
   1.7097097e+01   7.1647392e-01
   1.7129129e+01   7.0562516e-01
   1.7161161e+01   6.9385272e-01
   1.7193193e+01   6.8339601e-01
   1.7225225e+01   6.7418919e-01
   1.7257257e+01   6.6617367e-01
   1.7289289e+01   6.5929792e-01
   1.7321321e+01   6.5351720e-01
   1.7353353e+01   6.4879339e-01
   1.7385385e+01   6.4509470e-01
   1.7417417e+01   6.4239548e-01
   1.7449449e+01   6.4067604e-01
   1.7481481e+01   6.3992245e-01
   1.7513514e+01   6.4012639e-01
   1.7545546e+01   6.4128508e-01
   1.7577578e+01   6.4340117e-01
   1.7609610e+01   6.4648269e-01
   1.7641642e+01   6.5054300e-01
   1.7673674e+01   6.5560080e-01
   1.7705706e+01   6.6168012e-01
   1.7737738e+01   6.6881034e-01
   1.7769770e+01   6.7702616e-01
   1.7801802e+01   6.8636761e-01
   1.7833834e+01   6.9688001e-01
   1.7865866e+01   7.0861384e-01
   1.7897898e+01   7.2162463e-01
   1.7929930e+01   7.2296199e-01
   1.7961962e+01   7.2226712e-01
   1.7993994e+01   7.2193553e-01
   1.8026026e+01   7.2196629e-01
   1.8058058e+01   7.2235994e-01
   1.8090090e+01   7.2311836e-01
   1.8122122e+01   7.2424489e-01
   1.8154154e+01   7.2553849e-01
   1.8186186e+01   7.1489320e-01
   1.8218218e+01   7.0548092e-01
   1.8250250e+01   6.9724790e-01
   1.8282282e+01   6.9014643e-01
   1.8314314e+01   6.8413478e-01
   1.8346346e+01   6.7917703e-01
   1.8378378e+01   6.7524289e-01
   1.8410410e+01   6.7230761e-01
   1.8442442e+01   6.7035181e-01
   1.8474474e+01   6.6936133e-01
   1.8506507e+01   6.6932713e-01
   1.8538539e+01   6.7024522e-01
   1.8570571e+01   6.7211652e-01
   1.8602603e+01   6.7494685e-01
   1.8634635e+01   6.7874685e-01
   1.8666667e+01   6.8353194e-01
   1.8698699e+01   6.8932232e-01
   1.8730731e+01   6.9614287e-01
   1.8762763e+01   7.0402319e-01
   1.8794795e+01   7.1299746e-01
   1.8826827e+01   7.2310439e-01
   1.8858859e+01   7.3377966e-01
   1.8890891e+01   7.3226880e-01
   1.8922923e+01   7.3113665e-01
   1.8954955e+01   7.3037912e-01
   1.8986987e+01   7.2999352e-01
   1.9019019e+01   7.2997858e-01
   1.9051051e+01   7.3033438e-01
   1.9083083e+01   7.3106239e-01
   1.9115115e+01   7.3216543e-01
   1.9147147e+01   7.3364772e-01
   1.9179179e+01   7.3551486e-01
   1.9211211e+01   7.3577184e-01
   1.9243243e+01   7.2735903e-01
   1.9275275e+01   7.2006480e-01
   1.9307307e+01   7.1385047e-01
   1.9339339e+01   7.0868248e-01
   1.9371371e+01   7.0453222e-01
   1.9403403e+01   7.0137604e-01
   1.9435435e+01   6.9919508e-01
   1.9467467e+01   6.9797517e-01
   1.9499499e+01   6.9770682e-01
   1.9531532e+01   6.9838503e-01
   1.9563564e+01   7.0000930e-01
   1.9595596e+01   7.0258353e-01
   1.9627628e+01   7.0611596e-01
   1.9659660e+01   7.1061913e-01
   1.9691692e+01   7.1610979e-01
   1.9723724e+01   7.2260889e-01
   1.9755756e+01   7.3014145e-01
   1.9787788e+01   7.3873653e-01
   1.9819820e+01   7.4521813e-01
   1.9851852e+01   7.4322731e-01
   1.9883884e+01   7.4162918e-01
   1.9915916e+01   7.4041794e-01
   1.9947948e+01   7.3958920e-01
   1.9979980e+01   7.3913996e-01
   2.0012012e+01   7.3906857e-01
   2.0044044e+01   7.3937476e-01
   2.0076076e+01   7.4005953e-01
   2.0108108e+01   7.4112525e-01
   2.0140140e+01   7.4257560e-01
   2.0172172e+01   7.4441562e-01
   2.0204204e+01   7.4665168e-01
   2.0236236e+01   7.4929158e-01
   2.0268268e+01   7.4906047e-01
   2.0300300e+01   7.4267052e-01
   2.0332332e+01   7.3731544e-01
   2.0364364e+01   7.3296847e-01
   2.0396396e+01   7.2960716e-01
   2.0428428e+01   7.2721333e-01
   2.0460460e+01   7.2577306e-01
   2.0492492e+01   7.2527653e-01
   2.0524525e+01   7.2571803e-01
   2.0556557e+01   7.2709587e-01
   2.0588589e+01   7.2941232e-01
   2.0620621e+01   7.3267355e-01
   2.0652653e+01   7.3688953e-01
   2.0684685e+01   7.4207404e-01
   2.0716717e+01   7.4824451e-01
   2.0748749e+01   7.5542199e-01
   2.0780781e+01   7.5816675e-01
   2.0812813e+01   7.5566998e-01
   2.0844845e+01   7.5358052e-01
   2.0876877e+01   7.5189096e-01
   2.0908909e+01   7.5059528e-01
   2.0940941e+01   7.4968888e-01
   2.0972973e+01   7.4916846e-01
   2.1005005e+01   7.4903207e-01
   2.1037037e+01   7.4927904e-01
   2.1069069e+01   7.4990999e-01
   2.1101101e+01   7.5092682e-01
   2.1133133e+01   7.5233271e-01
   2.1165165e+01   7.5413211e-01
   2.1197197e+01   7.5633079e-01
   2.1229229e+01   7.5893584e-01
   2.1261261e+01   7.6195569e-01
   2.1293293e+01   7.6540015e-01
   2.1325325e+01   7.6508542e-01
   2.1357357e+01   7.6056086e-01
   2.1389389e+01   7.5701044e-01
   2.1421421e+01   7.5441681e-01
   2.1453453e+01   7.5276639e-01
   2.1485485e+01   7.5204928e-01
   2.1517518e+01   7.5225923e-01
   2.1549550e+01   7.5339362e-01
   2.1581582e+01   7.5545332e-01
   2.1613614e+01   7.5844274e-01
   2.1645646e+01   7.6236965e-01
   2.1677678e+01   7.6724520e-01
   2.1709710e+01   7.7308377e-01
   2.1741742e+01   7.7248086e-01
   2.1773774e+01   7.6945563e-01
   2.1805806e+01   7.6685276e-01
   2.1837838e+01   7.6466334e-01
   2.1869870e+01   7.6287983e-01
   2.1901902e+01   7.6149609e-01
   2.1933934e+01   7.6050731e-01
   2.1965966e+01   7.5990996e-01
   2.1997998e+01   7.5970179e-01
   2.2030030e+01   7.5988181e-01
   2.2062062e+01   7.6045024e-01
   2.2094094e+01   7.6140855e-01
   2.2126126e+01   7.6275943e-01
   2.2158158e+01   7.6450680e-01
   2.2190190e+01   7.6665580e-01
   2.2222222e+01   7.6921285e-01
   2.2254254e+01   7.7218563e-01
   2.2286286e+01   7.7558311e-01
   2.2318318e+01   7.7941558e-01
   2.2350350e+01   7.8369471e-01
   2.2382382e+01   7.8359806e-01
   2.2414414e+01   7.8081810e-01
   2.2446446e+01   7.7896861e-01
   2.2478478e+01   7.7803974e-01
   2.2510511e+01   7.7802490e-01
   2.2542543e+01   7.7892072e-01
   2.2574575e+01   7.8072696e-01
   2.2606607e+01   7.8344651e-01
   2.2638639e+01   7.8708526e-01
   2.2670671e+01   7.9165208e-01
   2.2702703e+01   7.8803521e-01
   2.2734735e+01   7.8446257e-01
   2.2766767e+01   7.8132752e-01
   2.2798799e+01   7.7861975e-01
   2.2830831e+01   7.7633034e-01
   2.2862863e+01   7.7445175e-01
   2.2894895e+01   7.7297772e-01
   2.2926927e+01   7.7190330e-01
   2.2958959e+01   7.7122476e-01
   2.2990991e+01   7.7093958e-01
   2.3023023e+01   7.7104648e-01
   2.3055055e+01   7.7154532e-01
   2.3087087e+01   7.7243716e-01
   2.3119119e+01   7.7372423e-01
   2.3151151e+01   7.7540992e-01
   2.3183183e+01   7.7749879e-01
   2.3215215e+01   7.7999661e-01
   2.3247247e+01   7.8291033e-01
   2.3279279e+01   7.8624812e-01
   2.3311311e+01   7.9001938e-01
   2.3343343e+01   7.9423477e-01
   2.3375375e+01   7.9890624e-01
   2.3407407e+01   8.0404704e-01
   2.3439439e+01   8.0439485e-01
   2.3471471e+01   8.0326394e-01
   2.3503504e+01   8.0303230e-01
   2.3535536e+01   8.0369599e-01
   2.3567568e+01   8.0525388e-01
   2.3599600e+01   8.0770758e-01
   2.3631632e+01   8.0931982e-01
   2.3663664e+01   8.0471879e-01
   2.3695696e+01   8.0058344e-01
   2.3727728e+01   7.9690078e-01
   2.3759760e+01   7.9365930e-01
   2.3791792e+01   7.9084881e-01
   2.3823824e+01   7.8846049e-01
   2.3855856e+01   7.8648680e-01
   2.3887888e+01   7.8492144e-01
   2.3919920e+01   7.8375934e-01
   2.3951952e+01   7.8299660e-01
   2.3983984e+01   7.8263050e-01
   2.4016016e+01   7.8265946e-01
   2.4048048e+01   7.8308305e-01
   2.4080080e+01   7.8390192e-01
   2.4112112e+01   7.8511788e-01
   2.4144144e+01   7.8673381e-01
   2.4176176e+01   7.8875375e-01
   2.4208208e+01   7.9118281e-01
   2.4240240e+01   7.9402725e-01
   2.4272272e+01   7.9729449e-01
   2.4304304e+01   8.0099306e-01
   2.4336336e+01   8.0513268e-01
   2.4368368e+01   8.0972424e-01
   2.4400400e+01   8.1477986e-01
   2.4432432e+01   8.2031284e-01
   2.4464464e+01   8.2633775e-01
   2.4496496e+01   8.2729953e-01
   2.4528529e+01   8.2773874e-01
   2.4560561e+01   8.2905482e-01
   2.4592593e+01   8.2762195e-01
   2.4624625e+01   8.2243091e-01
   2.4656657e+01   8.1772127e-01
   2.4688689e+01   8.1347906e-01
   2.4720721e+01   8.0969168e-01
   2.4752753e+01   8.0634788e-01
   2.4784785e+01   8.0343769e-01
   2.4816817e+01   8.0095240e-01
   2.4848849e+01   7.9888453e-01
   2.4880881e+01   7.9722776e-01
   2.4912913e+01   7.9597696e-01
   2.4944945e+01   7.9512810e-01
   2.4976977e+01   7.9467828e-01
   2.5009009e+01   7.9462568e-01
   2.5041041e+01   7.9496956e-01
   2.5073073e+01   7.9571024e-01
   2.5105105e+01   7.9684912e-01
   2.5137137e+01   7.9838862e-01
   2.5169169e+01   8.0033223e-01
   2.5201201e+01   8.0268451e-01
   2.5233233e+01   8.0545104e-01
   2.5265265e+01   8.0863850e-01
   2.5297297e+01   8.1225462e-01
   2.5329329e+01   8.1630822e-01
   2.5361361e+01   8.2080922e-01
   2.5393393e+01   8.2576862e-01
   2.5425425e+01   8.3119856e-01
   2.5457457e+01   8.3711228e-01
   2.5489489e+01   8.4352416e-01
   2.5521522e+01   8.5044971e-01
   2.5553554e+01   8.4686619e-01
   2.5585586e+01   8.4107830e-01
   2.5617618e+01   8.3578666e-01
   2.5649650e+01   8.3097649e-01
   2.5681682e+01   8.2663434e-01
   2.5713714e+01   8.2274802e-01
   2.5745746e+01   8.1930659e-01
   2.5777778e+01   8.1630034e-01
   2.5809810e+01   8.1372072e-01
   2.5841842e+01   8.1156033e-01
   2.5873874e+01   8.0981290e-01
   2.5905906e+01   8.0847326e-01
   2.5937938e+01   8.0753727e-01
   2.5969970e+01   8.0700190e-01
   2.6002002e+01   8.0686512e-01
   2.6034034e+01   8.0712592e-01
   2.6066066e+01   8.0778431e-01
   2.6098098e+01   8.0884130e-01
   2.6130130e+01   8.1029891e-01
   2.6162162e+01   8.1216011e-01
   2.6194194e+01   8.1442892e-01
   2.6226226e+01   8.1711029e-01
   2.6258258e+01   8.2021022e-01
   2.6290290e+01   8.2373566e-01
   2.6322322e+01   8.2769461e-01
   2.6354354e+01   8.3209603e-01
   2.6386386e+01   8.3694993e-01
   2.6418418e+01   8.4226731e-01
   2.6450450e+01   8.4806021e-01
   2.6482482e+01   8.5434167e-01
   2.6514515e+01   8.5438079e-01
   2.6546547e+01   8.5443880e-01
   2.6578579e+01   8.5469560e-01
   2.6610611e+01   8.4931272e-01
   2.6642643e+01   8.4441027e-01
   2.6674675e+01   8.3997533e-01
   2.6706707e+01   8.3599618e-01
   2.6738739e+01   8.3246223e-01
   2.6770771e+01   8.2936405e-01
   2.6802803e+01   8.2669329e-01
   2.6834835e+01   8.2444267e-01
   2.6866867e+01   8.2260600e-01
   2.6898899e+01   8.2117808e-01
   2.6930931e+01   8.2015475e-01
   2.6962963e+01   8.1953284e-01
   2.6994995e+01   8.1931013e-01
   2.7027027e+01   8.1948541e-01
   2.7059059e+01   8.2005839e-01
   2.7091091e+01   8.2102974e-01
   2.7123123e+01   8.2240107e-01
   2.7155155e+01   8.2417492e-01
   2.7187187e+01   8.2635475e-01
   2.7219219e+01   8.2894498e-01
   2.7251251e+01   8.3195092e-01
   2.7283283e+01   8.3537883e-01
   2.7315315e+01   8.3923590e-01
   2.7347347e+01   8.4353024e-01
   2.7379379e+01   8.4827089e-01
   2.7411411e+01   8.5346782e-01
   2.7443443e+01   8.5761853e-01
   2.7475475e+01   8.5724166e-01
   2.7507508e+01   8.5707187e-01
   2.7539540e+01   8.5710898e-01
   2.7571572e+01   8.5735325e-01
   2.7603604e+01   8.5780530e-01
   2.7635636e+01   8.5795998e-01
   2.7667668e+01   8.5343954e-01
   2.7699700e+01   8.4937388e-01
   2.7731732e+01   8.4575280e-01
   2.7763764e+01   8.4256718e-01
   2.7795796e+01   8.3980889e-01
   2.7827828e+01   8.3747083e-01
   2.7859860e+01   8.3554688e-01
   2.7891892e+01   8.3403189e-01
   2.7923924e+01   8.3292165e-01
   2.7955956e+01   8.3221291e-01
   2.7987988e+01   8.3190331e-01
   2.8020020e+01   8.3199144e-01
   2.8052052e+01   8.3247675e-01
   2.8084084e+01   8.3335961e-01
   2.8116116e+01   8.3464125e-01
   2.8148148e+01   8.3632380e-01
   2.8180180e+01   8.3841024e-01
   2.8212212e+01   8.4090444e-01
   2.8244244e+01   8.4381111e-01
   2.8276276e+01   8.4713585e-01
   2.8308308e+01   8.5088510e-01
   2.8340340e+01   8.5506616e-01
   2.8372372e+01   8.5968720e-01
   2.8404404e+01   8.6173198e-01
   2.8436436e+01   8.6111499e-01
   2.8468468e+01   8.6070807e-01
   2.8500501e+01   8.6051057e-01
   2.8532533e+01   8.6052223e-01
   2.8564565e+01   8.6074318e-01
   2.8596597e+01   8.6117392e-01
   2.8628629e+01   8.6181532e-01
   2.8660661e+01   8.6266865e-01
   2.8692693e+01   8.6282828e-01
   2.8724725e+01   8.5912566e-01
   2.8756757e+01   8.5585735e-01
   2.8788789e+01   8.5301548e-01
   2.8820821e+01   8.5059315e-01
   2.8852853e+01   8.4858434e-01
   2.8884885e+01   8.4698396e-01
   2.8916917e+01   8.4578781e-01
   2.8948949e+01   8.4499257e-01
   2.8980981e+01   8.4459578e-01
   2.9013013e+01   8.4459584e-01
   2.9045045e+01   8.4499199e-01
   2.9077077e+01   8.4578430e-01
   2.9109109e+01   8.4697370e-01
   2.9141141e+01   8.4856191e-01
   2.9173173e+01   8.5055148e-01
   2.9205205e+01   8.5294577e-01
   2.9237237e+01   8.5574894e-01
   2.9269269e+01   8.5896596e-01
   2.9301301e+01   8.6260258e-01
   2.9333333e+01   8.6666536e-01
   2.9365365e+01   8.6678896e-01
   2.9397397e+01   8.6592310e-01
   2.9429429e+01   8.6527059e-01
   2.9461461e+01   8.6483029e-01
   2.9493493e+01   8.6460149e-01
   2.9525526e+01   8.6458382e-01
   2.9557558e+01   8.6477729e-01
   2.9589590e+01   8.6518227e-01
   2.9621622e+01   8.6579952e-01
   2.9653654e+01   8.6663013e-01
   2.9685686e+01   8.6767560e-01
   2.9717718e+01   8.6893776e-01
   2.9749750e+01   8.6918996e-01
   2.9781782e+01   8.6626871e-01
   2.9813814e+01   8.6376556e-01
   2.9845846e+01   8.6167467e-01
   2.9877878e+01   8.5999102e-01
   2.9909910e+01   8.5871044e-01
   2.9941942e+01   8.5782955e-01
   2.9973974e+01   8.5734583e-01
   3.0006006e+01   8.5725752e-01
   3.0038038e+01   8.5756367e-01
   3.0070070e+01   8.5826412e-01
   3.0102102e+01   8.5935947e-01
   3.0134134e+01   8.6085111e-01
   3.0166166e+01   8.6274117e-01
   3.0198198e+01   8.6503255e-01
   3.0230230e+01   8.6772890e-01
   3.0262262e+01   8.7083462e-01
   3.0294294e+01   8.7406150e-01
   3.0326326e+01   8.7272013e-01
   3.0358358e+01   8.7159752e-01
   3.0390390e+01   8.7069175e-01
   3.0422422e+01   8.7000126e-01
   3.0454454e+01   8.6952486e-01
   3.0486486e+01   8.6926174e-01
   3.0518519e+01   8.6921144e-01
   3.0550551e+01   8.6937386e-01
   3.0582583e+01   8.6974925e-01
   3.0614615e+01   8.7033825e-01
   3.0646647e+01   8.7114180e-01
   3.0678679e+01   8.7216125e-01
   3.0710711e+01   8.7339827e-01
   3.0742743e+01   8.7485491e-01
   3.0774775e+01   8.7653355e-01
   3.0806807e+01   8.7695048e-01
   3.0838839e+01   8.7478057e-01
   3.0870871e+01   8.7301610e-01
   3.0902903e+01   8.7165293e-01
   3.0934935e+01   8.7068770e-01
   3.0966967e+01   8.7011779e-01
   3.0998999e+01   8.6994135e-01
   3.1031031e+01   8.7015725e-01
   3.1063063e+01   8.7076512e-01
   3.1095095e+01   8.7176529e-01
   3.1127127e+01   8.7315882e-01
   3.1159159e+01   8.7494749e-01
   3.1191191e+01   8.7713376e-01
   3.1223223e+01   8.7972082e-01
   3.1255255e+01   8.8107296e-01
   3.1287287e+01   8.7946368e-01
   3.1319319e+01   8.7807728e-01
   3.1351351e+01   8.7691140e-01
   3.1383383e+01   8.7596405e-01
   3.1415415e+01   8.7523364e-01
   3.1447447e+01   8.7471891e-01
   3.1479479e+01   8.7441896e-01
   3.1511512e+01   8.7433324e-01
   3.1543544e+01   8.7446157e-01
   3.1575576e+01   8.7480409e-01
   3.1607608e+01   8.7536129e-01
   3.1639640e+01   8.7613400e-01
   3.1671672e+01   8.7712341e-01
   3.1703704e+01   8.7833103e-01
   3.1735736e+01   8.7975874e-01
   3.1767768e+01   8.8140873e-01
   3.1799800e+01   8.8328358e-01
   3.1831832e+01   8.8538619e-01
   3.1863864e+01   8.8602755e-01
   3.1895896e+01   8.8458398e-01
   3.1927928e+01   8.8353606e-01
   3.1959960e+01   8.8288114e-01
   3.1991992e+01   8.8261727e-01
   3.2024024e+01   8.8274318e-01
   3.2056056e+01   8.8325831e-01
   3.2088088e+01   8.8416275e-01
   3.2120120e+01   8.8545728e-01
   3.2152152e+01   8.8714332e-01
   3.2184184e+01   8.8922298e-01
   3.2216216e+01   8.8884755e-01
   3.2248248e+01   8.8696406e-01
   3.2280280e+01   8.8530764e-01
   3.2312312e+01   8.8387556e-01
   3.2344344e+01   8.8266545e-01
   3.2376376e+01   8.8167529e-01
   3.2408408e+01   8.8090344e-01
   3.2440440e+01   8.8034858e-01
   3.2472472e+01   8.8000974e-01
   3.2504505e+01   8.7988630e-01
   3.2536537e+01   8.7997797e-01
   3.2568569e+01   8.8028479e-01
   3.2600601e+01   8.8080715e-01
   3.2632633e+01   8.8154574e-01
   3.2664665e+01   8.8250160e-01
   3.2696697e+01   8.8367610e-01
   3.2728729e+01   8.8507093e-01
   3.2760761e+01   8.8668813e-01
   3.2792793e+01   8.8853006e-01
   3.2824825e+01   8.9059940e-01
   3.2856857e+01   8.9289921e-01
   3.2888889e+01   8.9543284e-01
   3.2920921e+01   8.9634817e-01
   3.2952953e+01   8.9560975e-01
   3.2984985e+01   8.9525954e-01
   3.3017017e+01   8.9529615e-01
   3.3049049e+01   8.9571885e-01
   3.3081081e+01   8.9652753e-01
   3.3113113e+01   8.9772270e-01
   3.3145145e+01   8.9930550e-01
   3.3177177e+01   8.9733391e-01
   3.3209209e+01   8.9517076e-01
   3.3241241e+01   8.9323895e-01
   3.3273273e+01   8.9153538e-01
   3.3305305e+01   8.9005733e-01
   3.3337337e+01   8.8880240e-01
   3.3369369e+01   8.8776857e-01
   3.3401401e+01   8.8695413e-01
   3.3433433e+01   8.8635773e-01
   3.3465465e+01   8.8597835e-01
   3.3497497e+01   8.8581528e-01
   3.3529530e+01   8.8586814e-01
   3.3561562e+01   8.8613690e-01
   3.3593594e+01   8.8662180e-01
   3.3625626e+01   8.8732343e-01
   3.3657658e+01   8.8824271e-01
   3.3689690e+01   8.8938083e-01
   3.3721722e+01   8.9073935e-01
   3.3753754e+01   8.9232011e-01
   3.3785786e+01   8.9412528e-01
   3.3817818e+01   8.9615736e-01
   3.3849850e+01   8.9841915e-01
   3.3881882e+01   9.0091380e-01
   3.3913914e+01   9.0364477e-01
   3.3945946e+01   9.0661585e-01
   3.3977978e+01   9.0784614e-01
   3.4010010e+01   9.0779452e-01
   3.4042042e+01   9.0812552e-01
   3.4074074e+01   9.0883885e-01
   3.4106106e+01   9.0917164e-01
   3.4138138e+01   9.0648487e-01
   3.4170170e+01   9.0403751e-01
   3.4202202e+01   9.0182576e-01
   3.4234234e+01   8.9984620e-01
   3.4266266e+01   8.9809577e-01
   3.4298298e+01   8.9657174e-01
   3.4330330e+01   8.9527172e-01
   3.4362362e+01   8.9419366e-01
   3.4394394e+01   8.9333584e-01
   3.4426426e+01   8.9269685e-01
   3.4458458e+01   8.9227562e-01
   3.4490490e+01   8.9207138e-01
   3.4522523e+01   8.9208367e-01
   3.4554555e+01   8.9231235e-01
   3.4586587e+01   8.9275759e-01
   3.4618619e+01   8.9341985e-01
   3.4650651e+01   8.9429991e-01
   3.4682683e+01   8.9539885e-01
   3.4714715e+01   8.9671804e-01
   3.4746747e+01   8.9825917e-01
   3.4778779e+01   9.0002424e-01
   3.4810811e+01   9.0201553e-01
   3.4842843e+01   9.0423564e-01
   3.4874875e+01   9.0668748e-01
   3.4906907e+01   9.0937426e-01
   3.4938939e+01   9.1229952e-01
   3.4970971e+01   9.1546709e-01
   3.5003003e+01   9.1888111e-01
   3.5035035e+01   9.2046013e-01
   3.5067067e+01   9.1923583e-01
   3.5099099e+01   9.1625669e-01
   3.5131131e+01   9.1352146e-01
   3.5163163e+01   9.1102609e-01
   3.5195195e+01   9.0876684e-01
   3.5227227e+01   9.0674036e-01
   3.5259259e+01   9.0494359e-01
   3.5291291e+01   9.0337384e-01
   3.5323323e+01   9.0202872e-01
   3.5355355e+01   9.0090617e-01
   3.5387387e+01   9.0000445e-01
   3.5419419e+01   8.9932212e-01
   3.5451451e+01   8.9885806e-01
   3.5483483e+01   8.9861143e-01
   3.5515516e+01   8.9858172e-01
   3.5547548e+01   8.9876869e-01
   3.5579580e+01   8.9917241e-01
   3.5611612e+01   8.9979325e-01
   3.5643644e+01   9.0063185e-01
   3.5675676e+01   9.0168917e-01
   3.5707708e+01   9.0296644e-01
   3.5739740e+01   9.0446517e-01
   3.5771772e+01   9.0618720e-01
   3.5803804e+01   9.0813461e-01
   3.5835836e+01   9.1030982e-01
   3.5867868e+01   9.1271549e-01
   3.5899900e+01   9.1535462e-01
   3.5931932e+01   9.1823047e-01
   3.5963964e+01   9.2134661e-01
   3.5995996e+01   9.2470690e-01
   3.6028028e+01   9.2549087e-01
   3.6060060e+01   9.2555272e-01
   3.6092092e+01   9.2358262e-01
   3.6124124e+01   9.2080079e-01
   3.6156156e+01   9.1825897e-01
   3.6188188e+01   9.1595351e-01
   3.6220220e+01   9.1388110e-01
   3.6252252e+01   9.1203874e-01
   3.6284284e+01   9.1042375e-01
   3.6316316e+01   9.0903376e-01
   3.6348348e+01   9.0786671e-01
   3.6380380e+01   9.0692084e-01
   3.6412412e+01   9.0619469e-01
   3.6444444e+01   9.0568708e-01
   3.6476476e+01   9.0539715e-01
   3.6508509e+01   9.0532430e-01
   3.6540541e+01   9.0546822e-01
   3.6572573e+01   9.0582890e-01
   3.6604605e+01   9.0640660e-01
   3.6636637e+01   9.0720186e-01
   3.6668669e+01   9.0821549e-01
   3.6700701e+01   9.0944859e-01
   3.6732733e+01   9.1090254e-01
   3.6764765e+01   9.1257899e-01
   3.6796797e+01   9.1447985e-01
   3.6828829e+01   9.1660733e-01
   3.6860861e+01   9.1896391e-01
   3.6892893e+01   9.2155234e-01
   3.6924925e+01   9.2437566e-01
   3.6956957e+01   9.2724064e-01
   3.6988989e+01   9.2702280e-01
   3.7021021e+01   9.2693741e-01
   3.7053053e+01   9.2698446e-01
   3.7085085e+01   9.2716408e-01
   3.7117117e+01   9.2747652e-01
   3.7149149e+01   9.2570004e-01
   3.7181181e+01   9.2334980e-01
   3.7213213e+01   9.2123264e-01
   3.7245245e+01   9.1934560e-01
   3.7277277e+01   9.1768604e-01
   3.7309309e+01   9.1625162e-01
   3.7341341e+01   9.1504026e-01
   3.7373373e+01   9.1405022e-01
   3.7405405e+01   9.1328000e-01
   3.7437437e+01   9.1272840e-01
   3.7469469e+01   9.1239449e-01
   3.7501502e+01   9.1227764e-01
   3.7533534e+01   9.1237747e-01
   3.7565566e+01   9.1269388e-01
   3.7597598e+01   9.1322703e-01
   3.7629630e+01   9.1397735e-01
   3.7661662e+01   9.1494555e-01
   3.7693694e+01   9.1613260e-01
   3.7725726e+01   9.1753971e-01
   3.7757758e+01   9.1916839e-01
   3.7789790e+01   9.2102039e-01
   3.7821822e+01   9.2309772e-01
   3.7853854e+01   9.2540267e-01
   3.7885886e+01   9.2793777e-01
   3.7917918e+01   9.2954896e-01
   3.7949950e+01   9.2917907e-01
   3.7981982e+01   9.2894272e-01
   3.8014014e+01   9.2883970e-01
   3.8046046e+01   9.2886995e-01
   3.8078078e+01   9.2903355e-01
   3.8110110e+01   9.2933073e-01
   3.8142142e+01   9.2976184e-01
   3.8174174e+01   9.3032739e-01
   3.8206206e+01   9.2876309e-01
   3.8238238e+01   9.2683245e-01
   3.8270270e+01   9.2512916e-01
   3.8302302e+01   9.2365090e-01
   3.8334334e+01   9.2239564e-01
   3.8366366e+01   9.2136159e-01
   3.8398398e+01   9.2054727e-01
   3.8430430e+01   9.1995144e-01
   3.8462462e+01   9.1957314e-01
   3.8494494e+01   9.1941168e-01
   3.8526527e+01   9.1946662e-01
   3.8558559e+01   9.1973778e-01
   3.8590591e+01   9.2022524e-01
   3.8622623e+01   9.2092933e-01
   3.8654655e+01   9.2185065e-01
   3.8686687e+01   9.2299004e-01
   3.8718719e+01   9.2434859e-01
   3.8750751e+01   9.2592765e-01
   3.8782783e+01   9.2772881e-01
   3.8814815e+01   9.2975390e-01
   3.8846847e+01   9.3200503e-01
   3.8878879e+01   9.3448453e-01
   3.8910911e+01   9.3719497e-01
   3.8942943e+01   9.4013920e-01
   3.8974975e+01   9.4332027e-01
   3.9007007e+01   9.4674151e-01
   3.9039039e+01   9.5040646e-01
   3.9071071e+01   9.5431893e-01
   3.9103103e+01   9.5848295e-01
   3.9135135e+01   9.6290278e-01
   3.9167167e+01   9.6758292e-01
   3.9199199e+01   9.7252809e-01
   3.9231231e+01   9.7774323e-01
   3.9263263e+01   9.8093889e-01
   3.9295295e+01   9.8409175e-01
   3.9327327e+01   9.8761408e-01
   3.9359359e+01   9.9150861e-01
   3.9391391e+01   9.9577835e-01
   3.9423423e+01   1.0004266e+00
   3.9455455e+01   1.0054570e+00
   3.9487487e+01   1.0108732e+00
   3.9519520e+01   1.0166795e+00
   3.9551552e+01   1.0228800e+00
   3.9583584e+01   1.0294792e+00
   3.9615616e+01   1.0364817e+00
   3.9647648e+01   1.0438924e+00
   3.9679680e+01   1.0517160e+00
   3.9711712e+01   1.0599575e+00
   3.9743744e+01   1.0686219e+00
   3.9775776e+01   1.0777142e+00
   3.9807808e+01   1.0872394e+00
   3.9839840e+01   1.0972024e+00
   3.9871872e+01   1.1076081e+00
   3.9903904e+01   1.1184612e+00
   3.9935936e+01   1.1297662e+00
   3.9967968e+01   1.1415274e+00
   4.0000000e+01   1.1537489e+00
