   9.5000000e+00   8.8872263e+01   7.6330514e+01   6.1956386e+01
   9.5080080e+00   8.8924258e+01   7.6309171e+01   6.1885796e+01
   9.5160160e+00   8.8924270e+01   7.6291332e+01   6.1862290e+01
   9.5240240e+00   8.8895415e+01   7.6276894e+01   6.1885088e+01
   9.5320320e+00   8.8903383e+01   7.6266138e+01   6.1953359e+01
   9.5400400e+00   8.8894043e+01   7.6258336e+01   6.2065662e+01
   9.5480480e+00   8.8759953e+01   7.6253892e+01   6.2220770e+01
   9.5560561e+00   8.8744003e+01   7.6252263e+01   6.2416887e+01
   9.5640641e+00   8.8720163e+01   7.6253298e+01   6.2652152e+01
   9.5720721e+00   8.8574849e+01   7.6257417e+01   6.2924426e+01
   9.5800801e+00   8.8461815e+01   7.6263499e+01   6.3231442e+01
   9.5880881e+00   8.8411720e+01   7.6271826e+01   6.3570665e+01
   9.5960961e+00   8.8463654e+01   7.6282137e+01   6.3939663e+01
   9.6041041e+00   8.8279236e+01   7.6293662e+01   6.4336271e+01
   9.6121121e+00   8.8243366e+01   7.6306545e+01   6.4756691e+01
   9.6201201e+00   8.8089606e+01   7.6320506e+01   6.5196656e+01
   9.6281281e+00   8.8030398e+01   7.6335386e+01   6.5653907e+01
   9.6361361e+00   8.7800512e+01   7.6350352e+01   6.6125694e+01
   9.6441441e+00   8.7839592e+01   7.6366056e+01   6.6609722e+01
   9.6521522e+00   8.7777347e+01   7.6381597e+01   6.7101193e+01
   9.6601602e+00   8.7589536e+01   7.6397112e+01   6.7598175e+01
   9.6681682e+00   8.7495746e+01   7.6412669e+01   6.8094241e+01
   9.6761762e+00   8.7392976e+01   7.6427806e+01   6.8590662e+01
   9.6841842e+00   8.7245409e+01   7.6443185e+01   6.9083586e+01
   9.6921922e+00   8.7139631e+01   7.6458571e+01   6.9570521e+01
   9.7002002e+00   8.7102033e+01   7.6472842e+01   7.0049269e+01
   9.7082082e+00   8.6959974e+01   7.6485317e+01   7.0517699e+01
   9.7162162e+00   8.6881556e+01   7.6497314e+01   7.0974079e+01
   9.7242242e+00   8.6717303e+01   7.6507625e+01   7.1416782e+01
   9.7322322e+00   8.6546394e+01   7.6517371e+01   7.1844458e+01
   9.7402402e+00   8.6557384e+01   7.6526138e+01   7.2255993e+01
   9.7482482e+00   8.6451182e+01   7.6533871e+01   7.2650407e+01
   9.7562563e+00   8.6295183e+01   7.6543021e+01   7.3027065e+01
   9.7642643e+00   8.6120986e+01   7.6551352e+01   7.3385372e+01
   9.7722723e+00   8.6083463e+01   7.6556239e+01   7.3725021e+01
   9.7802803e+00   8.6094044e+01   7.6560613e+01   7.4045713e+01
   9.7882883e+00   8.5904718e+01   7.6563331e+01   7.4344390e+01
   9.7962963e+00   8.5784712e+01   7.6565702e+01   7.4627105e+01
   9.8043043e+00   8.5684334e+01   7.6567050e+01   7.4892033e+01
   9.8123123e+00   8.5648104e+01   7.6567378e+01   7.5138654e+01
   9.8203203e+00   8.5526942e+01   7.6566587e+01   7.5367248e+01
   9.8283283e+00   8.5384401e+01   7.6565181e+01   7.5578241e+01
   9.8363363e+00   8.5276224e+01   7.6562613e+01   7.5772061e+01
   9.8443443e+00   8.5254679e+01   7.6559425e+01   7.5945791e+01
   9.8523524e+00   8.5191553e+01   7.6554926e+01   7.6107016e+01
   9.8603604e+00   8.5051730e+01   7.6550233e+01   7.6252966e+01
   9.8683684e+00   8.5040433e+01   7.6544107e+01   7.6384609e+01
   9.8763764e+00   8.4916811e+01   7.6537263e+01   7.6501394e+01
   9.8843844e+00   8.4952577e+01   7.6529878e+01   7.6604407e+01
   9.8923924e+00   8.4839477e+01   7.6521538e+01   7.6693764e+01
   9.9004004e+00   8.4797377e+01   7.6512466e+01   7.6770366e+01
   9.9084084e+00   8.4758268e+01   7.6502494e+01   7.6834582e+01
   9.9164164e+00   8.4725859e+01   7.6492069e+01   7.6886862e+01
   9.9244244e+00   8.4700028e+01   7.6480346e+01   7.6927633e+01
   9.9324324e+00   8.4661991e+01   7.6468352e+01   7.6957276e+01
   9.9404404e+00   8.4635331e+01   7.6455179e+01   7.6976147e+01
   9.9484484e+00   8.4544297e+01   7.6441338e+01   7.6984566e+01
   9.9564565e+00   8.4524181e+01   7.6427141e+01   7.6982809e+01
   9.9644645e+00   8.4559210e+01   7.6411863e+01   7.6971126e+01
   9.9724725e+00   8.4533005e+01   7.6395800e+01   7.6949672e+01
   9.9804805e+00   8.4518799e+01   7.6379426e+01   7.6918691e+01
   9.9884885e+00   8.4450811e+01   7.6361875e+01   7.6878216e+01
   9.9964965e+00   8.4452876e+01   7.6343432e+01   7.6828359e+01
   1.0004505e+01   8.4479458e+01   7.6324735e+01   7.6769154e+01
   1.0012513e+01   8.4525888e+01   7.6305285e+01   7.6700617e+01
   1.0020521e+01   8.4565037e+01   7.6285023e+01   7.6622694e+01
   1.0028529e+01   8.4492769e+01   7.6263908e+01   7.6535328e+01
   1.0036537e+01   8.4488350e+01   7.6242596e+01   7.6438385e+01
   1.0044545e+01   8.4559576e+01   7.6219961e+01   7.6331720e+01
   1.0052553e+01   8.4548854e+01   7.6197033e+01   7.6215157e+01
   1.0060561e+01   8.4558283e+01   7.6173336e+01   7.6088503e+01
   1.0068569e+01   8.4617126e+01   7.6148770e+01   7.5951483e+01
   1.0076577e+01   8.4628008e+01   7.6123756e+01   7.5803831e+01
   1.0084585e+01   8.4667617e+01   7.6097826e+01   7.5645252e+01
   1.0092593e+01   8.4720862e+01   7.6071667e+01   7.5475396e+01
   1.0100601e+01   8.4758041e+01   7.6044189e+01   7.5293959e+01
   1.0108609e+01   8.4761059e+01   7.6016700e+01   7.5100559e+01
   1.0116617e+01   8.4858090e+01   7.5988013e+01   7.4894774e+01
   1.0124625e+01   8.4876756e+01   7.5958811e+01   7.4676215e+01
   1.0132633e+01   8.4935980e+01   7.5928976e+01   7.4444608e+01
   1.0140641e+01   8.5010720e+01   7.5898438e+01   7.4199509e+01
   1.0148649e+01   8.5091194e+01   7.5867601e+01   7.3940414e+01
   1.0156657e+01   8.5181593e+01   7.5835652e+01   7.3667357e+01
   1.0164665e+01   8.5240820e+01   7.5803358e+01   7.3383769e+01
   1.0172673e+01   8.5323693e+01   7.5769965e+01   7.3081885e+01
   1.0180681e+01   8.5438565e+01   7.5736705e+01   7.2764849e+01
   1.0188689e+01   8.5440252e+01   7.5692316e+01   7.2432609e+01
   1.0196697e+01   8.5533085e+01   7.5667201e+01   7.2088708e+01
   1.0204705e+01   8.5597240e+01   7.5631605e+01   7.1726558e+01
   1.0212713e+01   8.5720097e+01   7.5595814e+01   7.1348630e+01
   1.0220721e+01   8.5753588e+01   7.5558610e+01   7.0955370e+01
   1.0228729e+01   8.5872709e+01   7.5521460e+01   7.0547110e+01
   1.0236737e+01   8.5975747e+01   7.5484112e+01   7.0124109e+01
   1.0244745e+01   8.6101565e+01   7.5446734e+01   6.9686913e+01
   1.0252753e+01   8.6157383e+01   7.5409139e+01   6.9236103e+01
   1.0260761e+01   8.6148239e+01   7.5369308e+01   6.8772453e+01
   1.0268769e+01   8.6414285e+01   7.5329286e+01   6.8296828e+01
   1.0276777e+01   8.6494137e+01   7.5288396e+01   6.7810350e+01
   1.0284785e+01   8.6541961e+01   7.5246641e+01   6.7314211e+01
   1.0292793e+01   8.6609380e+01   7.5203393e+01   6.6809784e+01
   1.0300801e+01   8.6716636e+01   7.5160790e+01   6.6298668e+01
   1.0308809e+01   8.6870758e+01   7.5116661e+01   6.5782687e+01
   1.0316817e+01   8.6907803e+01   7.5074114e+01   6.5264377e+01
   1.0324825e+01   8.6948896e+01   7.5031236e+01   6.4744670e+01
   1.0332833e+01   8.7044350e+01   7.4987875e+01   6.4224678e+01
   1.0340841e+01   8.7152829e+01   7.4944829e+01   6.3707315e+01
   1.0348849e+01   8.7254191e+01   7.4901326e+01   6.3195141e+01
   1.0356857e+01   8.7327564e+01   7.4858144e+01   6.2691073e+01
   1.0364865e+01   8.7322979e+01   7.4815232e+01   6.2195766e+01
   1.0372873e+01   8.7487169e+01   7.4772732e+01   6.1711356e+01
   1.0380881e+01   8.7503311e+01   7.4730366e+01   6.1240530e+01
   1.0388889e+01   8.7594350e+01   7.4688779e+01   6.0785541e+01
   1.0396897e+01   8.7571973e+01   7.4647777e+01   6.0348445e+01
   1.0404905e+01   8.7707349e+01   7.4607852e+01   5.9931230e+01
   1.0412913e+01   8.7827565e+01   7.4568878e+01   5.9535699e+01
   1.0420921e+01   8.7785658e+01   7.4531184e+01   5.9163637e+01
   1.0428929e+01   8.7845490e+01   7.4494707e+01   5.8816428e+01
   1.0436937e+01   8.7893381e+01   7.4460015e+01   5.8495589e+01
   1.0444945e+01   8.7855821e+01   7.4427089e+01   5.8202304e+01
   1.0452953e+01   8.7970394e+01   7.4395965e+01   5.7937602e+01
   1.0460961e+01   8.7912210e+01   7.4366985e+01   5.7702336e+01
   1.0468969e+01   8.7980242e+01   7.4340078e+01   5.7497243e+01
   1.0476977e+01   8.8003911e+01   7.4315366e+01   5.7322847e+01
   1.0484985e+01   8.8099711e+01   7.4293009e+01   5.7179427e+01
   1.0492993e+01   8.8009946e+01   7.4272905e+01   5.7067261e+01
   1.0501001e+01   8.8079455e+01   7.4255542e+01   5.6986365e+01
   1.0509009e+01   8.8012222e+01   7.4240457e+01   5.6936646e+01
   1.0517017e+01   8.8065082e+01   7.4227791e+01   5.6917757e+01
   1.0525025e+01   8.8042263e+01   7.4217713e+01   5.6929346e+01
   1.0533033e+01   8.8000190e+01   7.4210003e+01   5.6970886e+01
   1.0541041e+01   8.7978852e+01   7.4204682e+01   5.7041665e+01
   1.0549049e+01   8.7843263e+01   7.4201654e+01   5.7140854e+01
   1.0557057e+01   8.7962133e+01   7.4200817e+01   5.7267683e+01
   1.0565065e+01   8.7807312e+01   7.4202201e+01   5.7420705e+01
   1.0573073e+01   8.7754147e+01   7.4205710e+01   5.7599078e+01
   1.0581081e+01   8.7715919e+01   7.4210746e+01   5.7801447e+01
   1.0589089e+01   8.7648788e+01   7.4217564e+01   5.8026427e+01
   1.0597097e+01   8.7665358e+01   7.4225719e+01   5.8272487e+01
   1.0605105e+01   8.7592448e+01   7.4235477e+01   5.8538064e+01
   1.0613113e+01   8.7469826e+01   7.4246285e+01   5.8821560e+01
   1.0621121e+01   8.7480077e+01   7.4258499e+01   5.9121183e+01
   1.0629129e+01   8.7345407e+01   7.4271238e+01   5.9435256e+01
   1.0637137e+01   8.7355980e+01   7.4284741e+01   5.9761926e+01
   1.0645145e+01   8.7199591e+01   7.4298896e+01   6.0099384e+01
   1.0653153e+01   8.7148424e+01   7.4313448e+01   6.0445785e+01
   1.0661161e+01   8.7150959e+01   7.4328223e+01   6.0799319e+01
   1.0669169e+01   8.7017741e+01   7.4343459e+01   6.1158168e+01
   1.0677177e+01   8.6942126e+01   7.4358270e+01   6.1520567e+01
   1.0685185e+01   8.6833484e+01   7.4375823e+01   6.1884821e+01
   1.0693193e+01   8.6699600e+01   7.4392920e+01   6.2249289e+01
   1.0701201e+01   8.6655835e+01   7.4407610e+01   6.2612372e+01
   1.0709209e+01   8.6557894e+01   7.4422208e+01   6.2972600e+01
   1.0717217e+01   8.6428235e+01   7.4436418e+01   6.3328592e+01
   1.0725225e+01   8.6462640e+01   7.4450091e+01   6.3679059e+01
   1.0733233e+01   8.6322206e+01   7.4463329e+01   6.4022809e+01
   1.0741241e+01   8.6228477e+01   7.4475844e+01   6.4358767e+01
   1.0749249e+01   8.6085067e+01   7.4487803e+01   6.4685966e+01
   1.0757257e+01   8.6010292e+01   7.4499333e+01   6.5003582e+01
   1.0765265e+01   8.6056053e+01   7.4509686e+01   6.5310805e+01
   1.0773273e+01   8.5907998e+01   7.4519451e+01   6.5607040e+01
   1.0781281e+01   8.5856718e+01   7.4528800e+01   6.5891730e+01
   1.0789289e+01   8.5754906e+01   7.4537723e+01   6.6164420e+01
   1.0797297e+01   8.5728409e+01   7.4546393e+01   6.6424782e+01
   1.0805305e+01   8.5536358e+01   7.4554397e+01   6.6672407e+01
   1.0813313e+01   8.5489099e+01   7.4560518e+01   6.6907191e+01
   1.0821321e+01   8.5540841e+01   7.4565603e+01   6.7127714e+01
   1.0829329e+01   8.5361040e+01   7.4569777e+01   6.7334464e+01
   1.0837337e+01   8.5393557e+01   7.4573106e+01   6.7530519e+01
   1.0845345e+01   8.5221031e+01   7.4575491e+01   6.7713564e+01
   1.0853353e+01   8.5209396e+01   7.4576770e+01   6.7883610e+01
   1.0861361e+01   8.5180889e+01   7.4577539e+01   6.8040692e+01
   1.0869369e+01   8.5093133e+01   7.4577060e+01   6.8184932e+01
   1.0877377e+01   8.5009636e+01   7.4575777e+01   6.8313969e+01
   1.0885385e+01   8.4919887e+01   7.4573645e+01   6.8432431e+01
   1.0893393e+01   8.4976129e+01   7.4570681e+01   6.8539735e+01
   1.0901401e+01   8.4968358e+01   7.4566743e+01   6.8634854e+01
   1.0909409e+01   8.4888752e+01   7.4562107e+01   6.8718008e+01
   1.0917417e+01   8.4817797e+01   7.4556272e+01   6.8789340e+01
   1.0925425e+01   8.4767645e+01   7.4549643e+01   6.8849048e+01
   1.0933433e+01   8.4764355e+01   7.4542447e+01   6.8897294e+01
   1.0941441e+01   8.4723068e+01   7.4533751e+01   6.8934280e+01
   1.0949449e+01   8.4670369e+01   7.4524794e+01   6.8960101e+01
   1.0957457e+01   8.4693304e+01   7.4514417e+01   6.8974927e+01
   1.0965465e+01   8.4606151e+01   7.4503577e+01   6.8978892e+01
   1.0973473e+01   8.4647073e+01   7.4491395e+01   6.8972064e+01
   1.0981481e+01   8.4584595e+01   7.4478795e+01   6.8954540e+01
   1.0989489e+01   8.4666275e+01   7.4464909e+01   6.8926331e+01
   1.0997497e+01   8.4614506e+01   7.4450570e+01   6.8887432e+01
   1.1005506e+01   8.4684952e+01   7.4435340e+01   6.8837937e+01
   1.1013514e+01   8.4664392e+01   7.4419097e+01   6.8778183e+01
   1.1021522e+01   8.4654659e+01   7.4402085e+01   6.8708377e+01
   1.1029530e+01   8.4729283e+01   7.4384006e+01   6.8629157e+01
   1.1037538e+01   8.4659329e+01   7.4365654e+01   6.8539392e+01
   1.1045546e+01   8.4718216e+01   7.4345948e+01   6.8438367e+01
   1.1053554e+01   8.4692341e+01   7.4325561e+01   6.8326555e+01
   1.1061562e+01   8.4674446e+01   7.4304752e+01   6.8204240e+01
   1.1069570e+01   8.4758994e+01   7.4282488e+01   6.8072001e+01
   1.1077578e+01   8.4764959e+01   7.4259953e+01   6.7928525e+01
   1.1085586e+01   8.4760876e+01   7.4236185e+01   6.7773830e+01
   1.1093594e+01   8.4829351e+01   7.4212358e+01   6.7608104e+01
   1.1101602e+01   8.4879646e+01   7.4187326e+01   6.7431297e+01
   1.1109610e+01   8.4900085e+01   7.4161596e+01   6.7243369e+01
   1.1117618e+01   8.4948708e+01   7.4135440e+01   6.7044237e+01
   1.1125626e+01   8.5078105e+01   7.4108101e+01   6.6834042e+01
   1.1133634e+01   8.5076996e+01   7.4080397e+01   6.6616044e+01
   1.1141642e+01   8.5106292e+01   7.4051986e+01   6.6383574e+01
   1.1149650e+01   8.5159568e+01   7.4022711e+01   6.6139662e+01
   1.1157658e+01   8.5262574e+01   7.3993015e+01   6.5884564e+01
   1.1165666e+01   8.5230266e+01   7.3962488e+01   6.5621553e+01
   1.1173674e+01   8.5278972e+01   7.3931728e+01   6.5344698e+01
   1.1181682e+01   8.5377107e+01   7.3900326e+01   6.5056542e+01
   1.1189690e+01   8.5458851e+01   7.3868023e+01   6.4757536e+01
   1.1197698e+01   8.5453863e+01   7.3835553e+01   6.4447960e+01
   1.1205706e+01   8.5559927e+01   7.3802601e+01   6.4103523e+01
   1.1213714e+01   8.5630871e+01   7.3768900e+01   6.3798366e+01
   1.1221722e+01   8.5652495e+01   7.3734691e+01   6.3459124e+01
   1.1229730e+01   8.5778147e+01   7.3699993e+01   6.3110932e+01
   1.1237738e+01   8.5838566e+01   7.3665365e+01   6.2754255e+01
   1.1245746e+01   8.5807246e+01   7.3630122e+01   6.2389867e+01
   1.1253754e+01   8.5960819e+01   7.3594210e+01   6.2018411e+01
   1.1261762e+01   8.6009315e+01   7.3558401e+01   6.1640689e+01
   1.1269770e+01   8.6110971e+01   7.3522275e+01   6.1257624e+01
   1.1277778e+01   8.6153650e+01   7.3485764e+01   6.0870135e+01
   1.1285786e+01   8.6200320e+01   7.3449468e+01   6.0479222e+01
   1.1293794e+01   8.6302655e+01   7.3412565e+01   6.0085989e+01
   1.1301802e+01   8.6360993e+01   7.3375719e+01   5.9691591e+01
   1.1309810e+01   8.6545117e+01   7.3339040e+01   5.9297239e+01
   1.1317818e+01   8.6480563e+01   7.3302144e+01   5.8904204e+01
   1.1325826e+01   8.6548993e+01   7.3265379e+01   5.8513687e+01
   1.1333834e+01   8.6640633e+01   7.3229317e+01   5.8127047e+01
   1.1341842e+01   8.6706464e+01   7.3193309e+01   5.7745660e+01
   1.1349850e+01   8.6754075e+01   7.3158918e+01   5.7370827e+01
   1.1357858e+01   8.6818467e+01   7.3124471e+01   5.7003896e+01
   1.1365866e+01   8.6888239e+01   7.3090019e+01   5.6646178e+01
   1.1373874e+01   8.6846804e+01   7.3054227e+01   5.6298951e+01
   1.1381882e+01   8.6997095e+01   7.3020404e+01   5.5963531e+01
   1.1389890e+01   8.7007869e+01   7.2986151e+01   5.5640982e+01
   1.1397898e+01   8.7065358e+01   7.2954400e+01   5.5332555e+01
   1.1405906e+01   8.7060337e+01   7.2923388e+01   5.5039324e+01
   1.1413914e+01   8.7143036e+01   7.2893963e+01   5.4762287e+01
   1.1421922e+01   8.7156413e+01   7.2865495e+01   5.4502311e+01
   1.1429930e+01   8.7214171e+01   7.2838118e+01   5.4260291e+01
   1.1437938e+01   8.7230980e+01   7.2812144e+01   5.4036970e+01
   1.1445946e+01   8.7302875e+01   7.2787624e+01   5.3832969e+01
   1.1453954e+01   8.7242377e+01   7.2764718e+01   5.3648871e+01
   1.1461962e+01   8.7304120e+01   7.2743358e+01   5.3485147e+01
   1.1469970e+01   8.7332604e+01   7.2723457e+01   5.3342138e+01
   1.1477978e+01   8.7290635e+01   7.2705286e+01   5.3220143e+01
   1.1485986e+01   8.7335710e+01   7.2688815e+01   5.3119378e+01
   1.1493994e+01   8.7331587e+01   7.2674137e+01   5.3039834e+01
   1.1502002e+01   8.7369342e+01   7.2661437e+01   5.2981608e+01
   1.1510010e+01   8.7385777e+01   7.2650548e+01   5.2944595e+01
   1.1518018e+01   8.7304871e+01   7.2641084e+01   5.2928606e+01
   1.1526026e+01   8.7376989e+01   7.2633463e+01   5.2933398e+01
   1.1534034e+01   8.7326719e+01   7.2627819e+01   5.2958622e+01
   1.1542042e+01   8.7271904e+01   7.2623733e+01   5.3003896e+01
   1.1550050e+01   8.7328089e+01   7.2621519e+01   5.3068731e+01
   1.1558058e+01   8.7270851e+01   7.2620705e+01   5.3152506e+01
   1.1566066e+01   8.7147297e+01   7.2621555e+01   5.3254650e+01
   1.1574074e+01   8.7250905e+01   7.2623794e+01   5.3374471e+01
   1.1582082e+01   8.7150955e+01   7.2627305e+01   5.3511056e+01
   1.1590090e+01   8.7102111e+01   7.2632370e+01   5.3663927e+01
   1.1598098e+01   8.7114579e+01   7.2638175e+01   5.3831864e+01
   1.1606106e+01   8.7013661e+01   7.2645665e+01   5.4014063e+01
   1.1614114e+01   8.6890971e+01   7.2655846e+01   5.4209501e+01
   1.1622122e+01   8.6918773e+01   7.2666945e+01   5.4417223e+01
   1.1630130e+01   8.6874655e+01   7.2677098e+01   5.4636092e+01
   1.1638138e+01   8.6783140e+01   7.2688005e+01   5.4865060e+01
   1.1646146e+01   8.6627285e+01   7.2699311e+01   5.5102999e+01
   1.1654154e+01   8.6754140e+01   7.2711431e+01   5.5348795e+01
   1.1662162e+01   8.6593511e+01   7.2723951e+01   5.5601339e+01
   1.1670170e+01   8.6638961e+01   7.2736573e+01   5.5859348e+01
   1.1678178e+01   8.6454948e+01   7.2749642e+01   5.6121894e+01
   1.1686186e+01   8.6463792e+01   7.2762454e+01   5.6387759e+01
   1.1694194e+01   8.6323589e+01   7.2775649e+01   5.6655841e+01
   1.1702202e+01   8.6420382e+01   7.2788765e+01   5.6925106e+01
   1.1710210e+01   8.6243120e+01   7.2801838e+01   5.7194534e+01
   1.1718218e+01   8.6237849e+01   7.2814445e+01   5.7463150e+01
   1.1726226e+01   8.6129923e+01   7.2827038e+01   5.7730070e+01
   1.1734234e+01   8.6085940e+01   7.2839530e+01   5.7994510e+01
   1.1742242e+01   8.5969446e+01   7.2851359e+01   5.8256150e+01
   1.1750250e+01   8.5885571e+01   7.2862998e+01   5.8513312e+01
   1.1758258e+01   8.5921209e+01   7.2873977e+01   5.8764779e+01
   1.1766266e+01   8.5764548e+01   7.2884658e+01   5.9010398e+01
   1.1774274e+01   8.5762358e+01   7.2894663e+01   5.9249940e+01
   1.1782282e+01   8.5676921e+01   7.2904378e+01   5.9483111e+01
   1.1790290e+01   8.5684707e+01   7.2913372e+01   5.9708234e+01
   1.1798298e+01   8.5585873e+01   7.2921850e+01   5.9924934e+01
   1.1806306e+01   8.5495078e+01   7.2929404e+01   6.0133113e+01
   1.1814314e+01   8.5499976e+01   7.2936276e+01   6.0332497e+01
   1.1822322e+01   8.5443080e+01   7.2942677e+01   6.0522793e+01
   1.1830330e+01   8.5417293e+01   7.2947996e+01   6.0703769e+01
   1.1838338e+01   8.5284605e+01   7.2952902e+01   6.0875171e+01
   1.1846346e+01   8.5296195e+01   7.2957223e+01   6.1036800e+01
   1.1854354e+01   8.5201647e+01   7.2960441e+01   6.1188088e+01
   1.1862362e+01   8.5166222e+01   7.2962893e+01   6.1327187e+01
   1.1870370e+01   8.5115304e+01   7.2964622e+01   6.1459088e+01
   1.1878378e+01   8.5130498e+01   7.2965626e+01   6.1580896e+01
   1.1886386e+01   8.5023525e+01   7.2965813e+01   6.1692477e+01
   1.1894394e+01   8.4919471e+01   7.2965167e+01   6.1793768e+01
   1.1902402e+01   8.4973777e+01   7.2964617e+01   6.1884698e+01
   1.1910410e+01   8.4953876e+01   7.2963685e+01   6.1964197e+01
   1.1918418e+01   8.4889078e+01   7.2960802e+01   6.2032829e+01
   1.1926426e+01   8.4994680e+01   7.2956652e+01   6.2093383e+01
   1.1934434e+01   8.4887458e+01   7.2951786e+01   6.2143757e+01
   1.1942442e+01   8.4798231e+01   7.2946048e+01   6.2183942e+01
   1.1950450e+01   8.4820634e+01   7.2939530e+01   6.2213927e+01
   1.1958458e+01   8.4776497e+01   7.2932098e+01   6.2233780e+01
   1.1966466e+01   8.4740290e+01   7.2923802e+01   6.2243581e+01
   1.1974474e+01   8.4811244e+01   7.2902439e+01   6.2243327e+01
   1.1982482e+01   8.4739433e+01   7.2904296e+01   6.2233064e+01
   1.1990490e+01   8.4755710e+01   7.2893221e+01   6.2212833e+01
   1.1998498e+01   8.4755153e+01   7.2881496e+01   6.2182658e+01
   1.2006507e+01   8.4710228e+01   7.2869149e+01   6.2142644e+01
   1.2014515e+01   8.4728810e+01   7.2855626e+01   6.2092755e+01
   1.2022523e+01   8.4784844e+01   7.2841438e+01   6.2033036e+01
   1.2030531e+01   8.4749220e+01   7.2826321e+01   6.1963479e+01
   1.2038539e+01   8.4762116e+01   7.2810511e+01   6.1884202e+01
   1.2046547e+01   8.4793387e+01   7.2793284e+01   6.1795192e+01
   1.2054555e+01   8.4750128e+01   7.2776624e+01   6.1696362e+01
   1.2062563e+01   8.4888352e+01   7.2758245e+01   6.1587883e+01
   1.2070571e+01   8.4816881e+01   7.2739114e+01   6.1469725e+01
   1.2078579e+01   8.4936930e+01   7.2719719e+01   6.1341921e+01
   1.2086587e+01   8.4922748e+01   7.2699329e+01   6.1204556e+01
   1.2094595e+01   8.4887137e+01   7.2678282e+01   6.1057938e+01
   1.2102603e+01   8.4980431e+01   7.2656672e+01   6.0904950e+01
   1.2110611e+01   8.5001050e+01   7.2634012e+01   6.0739769e+01
   1.2118619e+01   8.4961282e+01   7.2611046e+01   6.0565220e+01
   1.2126627e+01   8.5127217e+01   7.2587237e+01   6.0381617e+01
   1.2134635e+01   8.5027245e+01   7.2562974e+01   6.0192020e+01
   1.2142643e+01   8.5192115e+01   7.2538119e+01   5.9991017e+01
   1.2150651e+01   8.5126558e+01   7.2512575e+01   5.9781045e+01
   1.2158659e+01   8.5229569e+01   7.2486796e+01   5.9562503e+01
   1.2166667e+01   8.5245090e+01   7.2460382e+01   5.9335667e+01
   1.2174675e+01   8.5375410e+01   7.2433193e+01   5.9100783e+01
   1.2182683e+01   8.5292027e+01   7.2405722e+01   5.8858134e+01
   1.2190691e+01   8.5392146e+01   7.2377956e+01   5.8608064e+01
   1.2198699e+01   8.5468943e+01   7.2349582e+01   5.8350886e+01
   1.2206707e+01   8.5463144e+01   7.2320988e+01   5.8087033e+01
   1.2214715e+01   8.5621653e+01   7.2291892e+01   5.7816915e+01
   1.2222723e+01   8.5601809e+01   7.2262532e+01   5.7541017e+01
   1.2230731e+01   8.5686267e+01   7.2233048e+01   5.7259870e+01
   1.2238739e+01   8.5633612e+01   7.2203282e+01   5.6973940e+01
   1.2246747e+01   8.5735997e+01   7.2173190e+01   5.6683933e+01
   1.2254755e+01   8.5754450e+01   7.2143110e+01   5.6390439e+01
   1.2262763e+01   8.5813656e+01   7.2112623e+01   5.6094101e+01
   1.2270771e+01   8.5829281e+01   7.2082669e+01   5.5795660e+01
   1.2278779e+01   8.5936127e+01   7.2052185e+01   5.5495838e+01
   1.2286787e+01   8.6005590e+01   7.2021613e+01   5.5195411e+01
   1.2294795e+01   8.6125696e+01   7.1991202e+01   5.4895186e+01
   1.2302803e+01   8.6203669e+01   7.1961101e+01   5.4595983e+01
   1.2310811e+01   8.6193189e+01   7.1931354e+01   5.4298579e+01
   1.2318819e+01   8.6194550e+01   7.1901306e+01   5.4003890e+01
   1.2326827e+01   8.6326685e+01   7.1871610e+01   5.3712722e+01
   1.2334835e+01   8.6319739e+01   7.1842333e+01   5.3426029e+01
   1.2342843e+01   8.6335957e+01   7.1813612e+01   5.3144599e+01
   1.2350851e+01   8.6428543e+01   7.1784877e+01   5.2869229e+01
   1.2358859e+01   8.6445214e+01   7.1756904e+01   5.2600870e+01
   1.2366867e+01   8.6446985e+01   7.1729371e+01   5.2340228e+01
   1.2374875e+01   8.6516197e+01   7.1702902e+01   5.2088153e+01
   1.2382883e+01   8.6616780e+01   7.1676697e+01   5.1845380e+01
   1.2390891e+01   8.6603386e+01   7.1651200e+01   5.1612647e+01
   1.2398899e+01   8.6650218e+01   7.1626570e+01   5.1390609e+01
   1.2406907e+01   8.6644415e+01   7.1602947e+01   5.1179959e+01
   1.2414915e+01   8.6684189e+01   7.1580154e+01   5.0981246e+01
   1.2422923e+01   8.6734290e+01   7.1558304e+01   5.0795029e+01
   1.2430931e+01   8.6759059e+01   7.1537456e+01   5.0621882e+01
   1.2438939e+01   8.6741930e+01   7.1517765e+01   5.0462107e+01
   1.2446947e+01   8.6800155e+01   7.1499530e+01   5.0316475e+01
   1.2454955e+01   8.6847871e+01   7.1481525e+01   5.0185631e+01
   1.2462963e+01   8.6828270e+01   7.1465906e+01   5.0068970e+01
   1.2470971e+01   8.6840457e+01   7.1450351e+01   4.9966438e+01
   1.2478979e+01   8.6793070e+01   7.1436898e+01   4.9878614e+01
   1.2486987e+01   8.6800746e+01   7.1424365e+01   4.9806026e+01
   1.2494995e+01   8.6843845e+01   7.1413704e+01   4.9748760e+01
   1.2503003e+01   8.6800334e+01   7.1403880e+01   4.9705925e+01
   1.2511011e+01   8.6806061e+01   7.1395559e+01   4.9677473e+01
   1.2519019e+01   8.6865954e+01   7.1388524e+01   4.9663634e+01
   1.2527027e+01   8.6802414e+01   7.1382456e+01   4.9664352e+01
   1.2535035e+01   8.6737516e+01   7.1378196e+01   4.9679347e+01
   1.2543043e+01   8.6791887e+01   7.1376737e+01   4.9708424e+01
   1.2551051e+01   8.6799620e+01   7.1376483e+01   4.9751247e+01
   1.2559059e+01   8.6696321e+01   7.1375603e+01   4.9807489e+01
   1.2567067e+01   8.6675035e+01   7.1376007e+01   4.9876735e+01
   1.2575075e+01   8.6684311e+01   7.1377527e+01   4.9958545e+01
   1.2583083e+01   8.6731937e+01   7.1380109e+01   5.0052445e+01
   1.2591091e+01   8.6659069e+01   7.1383310e+01   5.0157911e+01
   1.2599099e+01   8.6591453e+01   7.1387746e+01   5.0274402e+01
   1.2607107e+01   8.6622656e+01   7.1393115e+01   5.0401300e+01
   1.2615115e+01   8.6506048e+01   7.1399175e+01   5.0538014e+01
   1.2623123e+01   8.6578325e+01   7.1405784e+01   5.0683920e+01
   1.2631131e+01   8.6517874e+01   7.1413022e+01   5.0838188e+01
   1.2639139e+01   8.6394383e+01   7.1421098e+01   5.1000283e+01
   1.2647147e+01   8.6408826e+01   7.1429566e+01   5.1169435e+01
   1.2655155e+01   8.6265115e+01   7.1438606e+01   5.1344917e+01
   1.2663163e+01   8.6329375e+01   7.1447976e+01   5.1525994e+01
   1.2671171e+01   8.6228212e+01   7.1457341e+01   5.1711700e+01
   1.2679179e+01   8.6230916e+01   7.1467094e+01   5.1901842e+01
   1.2687187e+01   8.6227126e+01   7.1477402e+01   5.2095057e+01
   1.2695195e+01   8.6053219e+01   7.1487368e+01   5.2290779e+01
   1.2703203e+01   8.6113382e+01   7.1497595e+01   5.2488256e+01
   1.2711211e+01   8.6002903e+01   7.1507875e+01   5.2686940e+01
   1.2719219e+01   8.6027097e+01   7.1518313e+01   5.2886188e+01
   1.2727227e+01   8.5950303e+01   7.1528425e+01   5.3085299e+01
   1.2735235e+01   8.5914887e+01   7.1538248e+01   5.3283575e+01
   1.2743243e+01   8.5778466e+01   7.1548099e+01   5.3480320e+01
   1.2751251e+01   8.5768948e+01   7.1557324e+01   5.3674844e+01
   1.2759259e+01   8.5715192e+01   7.1566642e+01   5.3866545e+01
   1.2767267e+01   8.5637267e+01   7.1575621e+01   5.4054922e+01
   1.2775275e+01   8.5607612e+01   7.1584238e+01   5.4239603e+01
   1.2783283e+01   8.5564841e+01   7.1592303e+01   5.4420096e+01
   1.2791291e+01   8.5495960e+01   7.1599932e+01   5.4596018e+01
   1.2799299e+01   8.5556692e+01   7.1607312e+01   5.4766760e+01
   1.2807307e+01   8.5430062e+01   7.1614238e+01   5.4931976e+01
   1.2815315e+01   8.5434267e+01   7.1620371e+01   5.5091254e+01
   1.2823323e+01   8.5377382e+01   7.1625811e+01   5.5244270e+01
   1.2831331e+01   8.5327911e+01   7.1631174e+01   5.5390688e+01
   1.2839339e+01   8.5276359e+01   7.1635684e+01   5.5530240e+01
   1.2847347e+01   8.5250913e+01   7.1639553e+01   5.5662634e+01
   1.2855355e+01   8.5194720e+01   7.1642652e+01   5.5787706e+01
   1.2863363e+01   8.5172528e+01   7.1645566e+01   5.5905191e+01
   1.2871371e+01   8.5110812e+01   7.1647349e+01   5.6014980e+01
   1.2879379e+01   8.5158595e+01   7.1648701e+01   5.6116883e+01
   1.2887387e+01   8.5091764e+01   7.1649301e+01   5.6210457e+01
   1.2895395e+01   8.5009608e+01   7.1649008e+01   5.6293592e+01
   1.2903403e+01   8.5087508e+01   7.1648044e+01   5.6371158e+01
   1.2911411e+01   8.4958705e+01   7.1646681e+01   5.6440568e+01
   1.2919419e+01   8.5028967e+01   7.1644340e+01   5.6501631e+01
   1.2927427e+01   8.4948781e+01   7.1641359e+01   5.6554194e+01
   1.2935435e+01   8.4927460e+01   7.1637497e+01   5.6598163e+01
   1.2943443e+01   8.4955915e+01   7.1633044e+01   5.6633071e+01
   1.2951451e+01   8.4859675e+01   7.1627648e+01   5.6657688e+01
   1.2959459e+01   8.4951582e+01   7.1621732e+01   5.6676273e+01
   1.2967467e+01   8.4896717e+01   7.1614937e+01   5.6686316e+01
   1.2975475e+01   8.4886847e+01   7.1607389e+01   5.6687751e+01
   1.2983483e+01   8.4831302e+01   7.1599488e+01   5.6680554e+01
   1.2991491e+01   8.4902787e+01   7.1590401e+01   5.6664750e+01
   1.2999499e+01   8.4895042e+01   7.1581031e+01   5.6640356e+01
   1.3007508e+01   8.4884300e+01   7.1571112e+01   5.6607421e+01
   1.3015516e+01   8.4778307e+01   7.1560976e+01   5.6565961e+01
   1.3023524e+01   8.4924402e+01   7.1549884e+01   5.6515992e+01
   1.3031532e+01   8.4870277e+01   7.1537521e+01   5.6457599e+01
   1.3039540e+01   8.4893923e+01   7.1524458e+01   5.6390784e+01
   1.3047548e+01   8.4884968e+01   7.1510471e+01   5.6315686e+01
   1.3055556e+01   8.4887529e+01   7.1495766e+01   5.6232291e+01
   1.3063564e+01   8.4951828e+01   7.1480513e+01   5.6141046e+01
   1.3071572e+01   8.4981210e+01   7.1464827e+01   5.6044410e+01
   1.3079580e+01   8.4978220e+01   7.1448315e+01   5.5937232e+01
   1.3087588e+01   8.5037607e+01   7.1431318e+01   5.5822108e+01
   1.3095596e+01   8.5022387e+01   7.1413511e+01   5.5699365e+01
   1.3103604e+01   8.5019122e+01   7.1395099e+01   5.5571747e+01
   1.3111612e+01   8.5053790e+01   7.1376384e+01   5.5434264e+01
   1.3119620e+01   8.5068151e+01   7.1356939e+01   5.5289264e+01
   1.3127628e+01   8.5156656e+01   7.1336903e+01   5.5137102e+01
   1.3135636e+01   8.5144991e+01   7.1316453e+01   5.4977957e+01
   1.3143644e+01   8.5150135e+01   7.1295519e+01   5.4812133e+01
   1.3151652e+01   8.5163400e+01   7.1274309e+01   5.4639908e+01
   1.3159660e+01   8.5231922e+01   7.1252547e+01   5.4461540e+01
   1.3167668e+01   8.5242361e+01   7.1230310e+01   5.4277798e+01
   1.3175676e+01   8.5237384e+01   7.1207724e+01   5.4088112e+01
   1.3183684e+01   8.5367856e+01   7.1184843e+01   5.3892595e+01
   1.3191692e+01   8.5352098e+01   7.1161855e+01   5.3691931e+01
   1.3199700e+01   8.5386140e+01   7.1138517e+01   5.3486938e+01
   1.3207708e+01   8.5399991e+01   7.1114727e+01   5.3277786e+01
   1.3215716e+01   8.5509519e+01   7.1090919e+01   5.3064256e+01
   1.3223724e+01   8.5538496e+01   7.1066840e+01   5.2846861e+01
   1.3231732e+01   8.5529072e+01   7.1042515e+01   5.2626176e+01
   1.3239740e+01   8.5642488e+01   7.1017941e+01   5.2402820e+01
   1.3247748e+01   8.5618347e+01   7.0993425e+01   5.2177278e+01
   1.3255756e+01   8.5702437e+01   7.0968934e+01   5.1950068e+01
   1.3263764e+01   8.5630426e+01   7.0944406e+01   5.1721663e+01
   1.3271772e+01   8.5752501e+01   7.0919839e+01   5.1492672e+01
   1.3279780e+01   8.5787713e+01   7.0895147e+01   5.1263636e+01
   1.3287788e+01   8.5836602e+01   7.0870846e+01   5.1035084e+01
   1.3295796e+01   8.5861331e+01   7.0846693e+01   5.0807625e+01
   1.3303804e+01   8.5886252e+01   7.0822535e+01   5.0581804e+01
   1.3311812e+01   8.5945098e+01   7.0798638e+01   5.0358235e+01
   1.3319820e+01   8.5942350e+01   7.0774856e+01   5.0137503e+01
   1.3327828e+01   8.6024187e+01   7.0751605e+01   4.9920153e+01
   1.3335836e+01   8.6079916e+01   7.0728693e+01   4.9706787e+01
   1.3343844e+01   8.6034077e+01   7.0705937e+01   4.9497953e+01
   1.3351852e+01   8.6168344e+01   7.0683547e+01   4.9294216e+01
   1.3359860e+01   8.6130007e+01   7.0661862e+01   4.9096144e+01
   1.3367868e+01   8.6242261e+01   7.0640762e+01   4.8904208e+01
   1.3375876e+01   8.6211578e+01   7.0619816e+01   4.8718982e+01
   1.3383884e+01   8.6265900e+01   7.0599653e+01   4.8540878e+01
   1.3391892e+01   8.6205504e+01   7.0580109e+01   4.8370375e+01
   1.3399900e+01   8.6280856e+01   7.0560932e+01   4.8207933e+01
   1.3407908e+01   8.6373970e+01   7.0542877e+01   4.8053922e+01
   1.3415916e+01   8.6320042e+01   7.0524998e+01   4.7908046e+01
   1.3423924e+01   8.6373500e+01   7.0508460e+01   4.7772645e+01
   1.3431932e+01   8.6276828e+01   7.0492438e+01   4.7646028e+01
   1.3439940e+01   8.6408904e+01   7.0477350e+01   4.7529140e+01
   1.3447948e+01   8.6396746e+01   7.0463101e+01   4.7422230e+01
   1.3455956e+01   8.6418222e+01   7.0449454e+01   4.7325467e+01
   1.3463964e+01   8.6365662e+01   7.0437333e+01   4.7239038e+01
   1.3471972e+01   8.6400272e+01   7.0427170e+01   4.7163059e+01
   1.3479980e+01   8.6412005e+01   7.0418359e+01   4.7097642e+01
   1.3487988e+01   8.6421486e+01   7.0408745e+01   4.7042846e+01
   1.3495996e+01   8.6495118e+01   7.0400497e+01   4.6998679e+01
   1.3504004e+01   8.6425393e+01   7.0392778e+01   4.6965177e+01
   1.3512012e+01   8.6445229e+01   7.0386280e+01   4.6942219e+01
   1.3520020e+01   8.6410237e+01   7.0380566e+01   4.6929805e+01
   1.3528028e+01   8.6453828e+01   7.0375772e+01   4.6927772e+01
   1.3536036e+01   8.6386434e+01   7.0371426e+01   4.6935992e+01
   1.3544044e+01   8.6401383e+01   7.0367511e+01   4.6954296e+01
   1.3552052e+01   8.6366281e+01   7.0365123e+01   4.6982475e+01
   1.3560060e+01   8.6345978e+01   7.0363885e+01   4.7020297e+01
   1.3568068e+01   8.6368455e+01   7.0364369e+01   4.7067493e+01
   1.3576076e+01   8.6291573e+01   7.0365774e+01   4.7123790e+01
   1.3584084e+01   8.6278986e+01   7.0367593e+01   4.7188839e+01
   1.3592092e+01   8.6276422e+01   7.0369678e+01   4.7262324e+01
   1.3600100e+01   8.6267457e+01   7.0372452e+01   4.7343858e+01
   1.3608108e+01   8.6196878e+01   7.0375592e+01   4.7433087e+01
   1.3616116e+01   8.6191271e+01   7.0379752e+01   4.7529526e+01
   1.3624124e+01   8.6196970e+01   7.0384321e+01   4.7632808e+01
   1.3632132e+01   8.6183856e+01   7.0389225e+01   4.7742457e+01
   1.3640140e+01   8.6057125e+01   7.0394628e+01   4.7858024e+01
   1.3648148e+01   8.6081144e+01   7.0400585e+01   4.7979064e+01
   1.3656156e+01   8.6015166e+01   7.0406839e+01   4.8105016e+01
   1.3664164e+01   8.6036287e+01   7.0413419e+01   4.8235405e+01
   1.3672172e+01   8.6044107e+01   7.0420201e+01   4.8369775e+01
   1.3680180e+01   8.5920596e+01   7.0427109e+01   4.8507559e+01
   1.3688188e+01   8.5922402e+01   7.0434144e+01   4.8648266e+01
   1.3696196e+01   8.5936898e+01   7.0441634e+01   4.8791375e+01
   1.3704204e+01   8.5774240e+01   7.0449132e+01   4.8936380e+01
   1.3712212e+01   8.5796903e+01   7.0456474e+01   4.9082774e+01
   1.3720220e+01   8.5835330e+01   7.0464067e+01   4.9230061e+01
   1.3728228e+01   8.5726906e+01   7.0471447e+01   4.9377733e+01
   1.3736236e+01   8.5709760e+01   7.0478655e+01   4.9525311e+01
   1.3744244e+01   8.5619266e+01   7.0485848e+01   4.9672325e+01
   1.3752252e+01   8.5660486e+01   7.0493058e+01   4.9818308e+01
   1.3760260e+01   8.5628508e+01   7.0500072e+01   4.9962695e+01
   1.3768268e+01   8.5527222e+01   7.0506678e+01   5.0105421e+01
   1.3776276e+01   8.5517716e+01   7.0513037e+01   5.0245734e+01
   1.3784284e+01   8.5391781e+01   7.0519059e+01   5.0383314e+01
   1.3792292e+01   8.5466296e+01   7.0524980e+01   5.0517793e+01
   1.3800300e+01   8.5421156e+01   7.0530505e+01   5.0648828e+01
   1.3808308e+01   8.5435665e+01   7.0535620e+01   5.0776074e+01
   1.3816316e+01   8.5349590e+01   7.0540266e+01   5.0899167e+01
   1.3824324e+01   8.5307973e+01   7.0544503e+01   5.1017901e+01
   1.3832332e+01   8.5282483e+01   7.0548506e+01   5.1131925e+01
   1.3840340e+01   8.5211313e+01   7.0551825e+01   5.1240984e+01
   1.3848348e+01   8.5246627e+01   7.0554858e+01   5.1344866e+01
   1.3856356e+01   8.5202501e+01   7.0557345e+01   5.1443365e+01
   1.3864364e+01   8.5144195e+01   7.0559309e+01   5.1536299e+01
   1.3872372e+01   8.5150065e+01   7.0560578e+01   5.1623660e+01
   1.3880380e+01   8.5124144e+01   7.0561381e+01   5.1705537e+01
   1.3888388e+01   8.5092990e+01   7.0561926e+01   5.1781033e+01
   1.3896396e+01   8.5109637e+01   7.0561543e+01   5.1849879e+01
   1.3904404e+01   8.5064960e+01   7.0560809e+01   5.1912240e+01
   1.3912412e+01   8.5002744e+01   7.0559358e+01   5.1968385e+01
   1.3920420e+01   8.4953119e+01   7.0557204e+01   5.2018014e+01
   1.3928428e+01   8.5038193e+01   7.0554622e+01   5.2058255e+01
   1.3936436e+01   8.4963327e+01   7.0551325e+01   5.2093661e+01
   1.3944444e+01   8.5000498e+01   7.0547531e+01   5.2122476e+01
   1.3952452e+01   8.4917586e+01   7.0543094e+01   5.2144267e+01
   1.3960460e+01   8.4955372e+01   7.0538149e+01   5.2159034e+01
   1.3968468e+01   8.4916729e+01   7.0532550e+01   5.2166783e+01
   1.3976476e+01   8.4995756e+01   7.0533855e+01   5.2167158e+01
   1.3984484e+01   8.4916324e+01   7.0519252e+01   5.2158475e+01
   1.3992492e+01   8.4993274e+01   7.0511855e+01   5.2145278e+01
   1.4000501e+01   8.4916083e+01   7.0503673e+01   5.2125138e+01
   1.4008509e+01   8.4993237e+01   7.0494806e+01   5.2098020e+01
   1.4016517e+01   8.4962034e+01   7.0485817e+01   5.2063826e+01
   1.4024525e+01   8.4936322e+01   7.0475712e+01   5.2022705e+01
   1.4032533e+01   8.4920322e+01   7.0465451e+01   5.1975056e+01
   1.4040541e+01   8.4918020e+01   7.0454348e+01   5.1922943e+01
   1.4048549e+01   8.4944190e+01   7.0442656e+01   5.1861666e+01
   1.4056557e+01   8.5026516e+01   7.0430575e+01   5.1793610e+01
   1.4064565e+01   8.4987039e+01   7.0418076e+01   5.1719294e+01
   1.4072573e+01   8.4977216e+01   7.0404854e+01   5.1640864e+01
   1.4080581e+01   8.4987976e+01   7.0391337e+01   5.1553848e+01
   1.4088589e+01   8.5021994e+01   7.0377329e+01   5.1460408e+01
   1.4096597e+01   8.5119846e+01   7.0362709e+01   5.1360817e+01
   1.4104605e+01   8.4983027e+01   7.0347629e+01   5.1255220e+01
   1.4112613e+01   8.5153989e+01   7.0332787e+01   5.1143792e+01
   1.4120621e+01   8.5023696e+01   7.0317661e+01   5.1026775e+01
   1.4128629e+01   8.5184878e+01   7.0302155e+01   5.0904148e+01
   1.4136637e+01   8.5067461e+01   7.0285723e+01   5.0776302e+01
   1.4144645e+01   8.5146525e+01   7.0268678e+01   5.0643391e+01
   1.4152653e+01   8.5151548e+01   7.0251437e+01   5.0505592e+01
   1.4160661e+01   8.5195752e+01   7.0233715e+01   5.0363133e+01
   1.4168669e+01   8.5223060e+01   7.0215791e+01   5.0216373e+01
   1.4176677e+01   8.5232026e+01   7.0197619e+01   5.0065427e+01
   1.4184685e+01   8.5292436e+01   7.0179309e+01   4.9910658e+01
   1.4192693e+01   8.5236690e+01   7.0160688e+01   4.9752380e+01
   1.4200701e+01   8.5352419e+01   7.0141657e+01   4.9590870e+01
   1.4208709e+01   8.5397350e+01   7.0122567e+01   4.9426409e+01
   1.4216717e+01   8.5394731e+01   7.0103502e+01   4.9259351e+01
   1.4224725e+01   8.5399003e+01   7.0084152e+01   4.9090056e+01
   1.4232733e+01   8.5436336e+01   7.0064570e+01   4.8918898e+01
   1.4240741e+01   8.5466443e+01   7.0045299e+01   4.8746193e+01
   1.4248749e+01   8.5457600e+01   7.0025920e+01   4.8572367e+01
   1.4256757e+01   8.5622417e+01   7.0006319e+01   4.8397772e+01
   1.4264765e+01   8.5546014e+01   6.9986986e+01   4.8222820e+01
   1.4272773e+01   8.5691010e+01   6.9967736e+01   4.8047898e+01
   1.4280781e+01   8.5583348e+01   6.9948299e+01   4.7873426e+01
   1.4288789e+01   8.5670737e+01   6.9929208e+01   4.7699803e+01
   1.4296797e+01   8.5646174e+01   6.9910049e+01   4.7527455e+01
   1.4304805e+01   8.5800348e+01   6.9891260e+01   4.7356778e+01
   1.4312813e+01   8.5685014e+01   6.9872635e+01   4.7188167e+01
   1.4320821e+01   8.5801611e+01   6.9854190e+01   4.7022057e+01
   1.4328829e+01   8.5803548e+01   6.9835921e+01   4.6858833e+01
   1.4336837e+01   8.5851099e+01   6.9818209e+01   4.6698898e+01
   1.4344845e+01   8.5828901e+01   6.9800699e+01   4.6542628e+01
   1.4352853e+01   8.5843935e+01   6.9783729e+01   4.6390397e+01
   1.4360861e+01   8.5976054e+01   6.9766827e+01   4.6242573e+01
   1.4368869e+01   8.5880267e+01   6.9750605e+01   4.6099478e+01
   1.4376877e+01   8.5938618e+01   6.9734632e+01   4.5961445e+01
   1.4384885e+01   8.6028680e+01   6.9719452e+01   4.5828788e+01
   1.4392893e+01   8.6014014e+01   6.9704652e+01   4.5701746e+01
   1.4400901e+01   8.6017064e+01   6.9691820e+01   4.5580674e+01
   1.4408909e+01   8.6005854e+01   6.9679160e+01   4.5465793e+01
   1.4416917e+01   8.6084575e+01   6.9666217e+01   4.5357520e+01
   1.4424925e+01   8.6066277e+01   6.9653600e+01   4.5256058e+01
   1.4432933e+01   8.6037562e+01   6.9642019e+01   4.5161576e+01
   1.4440941e+01   8.6038311e+01   6.9630624e+01   4.5074217e+01
   1.4448949e+01   8.6135677e+01   6.9619831e+01   4.4994058e+01
   1.4456957e+01   8.6034840e+01   6.9609833e+01   4.4921273e+01
   1.4464965e+01   8.6168745e+01   6.9600511e+01   4.4855948e+01
   1.4472973e+01   8.6086272e+01   6.9592059e+01   4.4798289e+01
   1.4480981e+01   8.6084928e+01   6.9583925e+01   4.4748396e+01
   1.4488989e+01   8.6032504e+01   6.9576621e+01   4.4706288e+01
   1.4496997e+01   8.6121189e+01   6.9569968e+01   4.4671947e+01
   1.4505005e+01   8.6167031e+01   6.9563893e+01   4.4645347e+01
   1.4513013e+01   8.6122409e+01   6.9558664e+01   4.4626466e+01
   1.4521021e+01   8.6027940e+01   6.9553939e+01   4.4615176e+01
   1.4529029e+01   8.6051618e+01   6.9550157e+01   4.4611474e+01
   1.4537037e+01   8.6030363e+01   6.9546868e+01   4.4615221e+01
   1.4545045e+01   8.6059413e+01   6.9543969e+01   4.4626297e+01
   1.4553053e+01   8.6039546e+01   6.9542073e+01   4.4644578e+01
   1.4561061e+01   8.6088369e+01   6.9540500e+01   4.4669892e+01
   1.4569069e+01   8.5992262e+01   6.9539748e+01   4.4702130e+01
   1.4577077e+01   8.6023682e+01   6.9539517e+01   4.4741083e+01
   1.4585085e+01   8.6061924e+01   6.9539606e+01   4.4786731e+01
   1.4593093e+01   8.5996815e+01   6.9540464e+01   4.4839013e+01
   1.4601101e+01   8.5958451e+01   6.9541589e+01   4.4897031e+01
   1.4609109e+01   8.5964701e+01   6.9543324e+01   4.4960440e+01
   1.4617117e+01   8.5958399e+01   6.9545341e+01   4.5029217e+01
   1.4625125e+01   8.5934492e+01   6.9546784e+01   4.5103389e+01
   1.4633133e+01   8.5918921e+01   6.9549294e+01   4.5182583e+01
   1.4641141e+01   8.5818282e+01   6.9551649e+01   4.5265835e+01
   1.4649149e+01   8.5912218e+01   6.9555136e+01   4.5352972e+01
   1.4657157e+01   8.5856978e+01   6.9559377e+01   4.5443798e+01
   1.4665165e+01   8.5781398e+01   6.9564019e+01   4.5538076e+01
   1.4673173e+01   8.5786757e+01   6.9569361e+01   4.5635377e+01
   1.4681181e+01   8.5762180e+01   6.9574831e+01   4.5735426e+01
   1.4689189e+01   8.5716967e+01   6.9579752e+01   4.5837851e+01
   1.4697197e+01   8.5701083e+01   6.9584857e+01   4.5942305e+01
   1.4705205e+01   8.5644531e+01   6.9589859e+01   4.6048380e+01
   1.4713213e+01   8.5636175e+01   6.9595057e+01   4.6155777e+01
   1.4721221e+01   8.5606414e+01   6.9600084e+01   4.6264040e+01
   1.4729229e+01   8.5591366e+01   6.9605040e+01   4.6372894e+01
   1.4737237e+01   8.5554436e+01   6.9610261e+01   4.6481985e+01
   1.4745245e+01   8.5493736e+01   6.9615183e+01   4.6590897e+01
   1.4753253e+01   8.5499632e+01   6.9619754e+01   4.6699351e+01
   1.4761261e+01   8.5469979e+01   6.9624740e+01   4.6806981e+01
   1.4769269e+01   8.5444751e+01   6.9629032e+01   4.6913471e+01
   1.4777277e+01   8.5418813e+01   6.9633461e+01   4.7018482e+01
   1.4785285e+01   8.5426418e+01   6.9637731e+01   4.7121723e+01
   1.4793293e+01   8.5382186e+01   6.9641557e+01   4.7222900e+01
   1.4801301e+01   8.5402612e+01   6.9645140e+01   4.7321716e+01
   1.4809309e+01   8.5287040e+01   6.9648834e+01   4.7417883e+01
   1.4817317e+01   8.5252188e+01   6.9651690e+01   4.7511179e+01
   1.4825325e+01   8.5260028e+01   6.9654458e+01   4.7601326e+01
   1.4833333e+01   8.5285625e+01   6.9657133e+01   4.7688061e+01
   1.4841341e+01   8.5189015e+01   6.9659244e+01   4.7771179e+01
   1.4849349e+01   8.5275473e+01   6.9660814e+01   4.7850510e+01
   1.4857357e+01   8.5110558e+01   6.9662666e+01   4.7925823e+01
   1.4865365e+01   8.5208206e+01   6.9663490e+01   4.7996854e+01
   1.4873373e+01   8.5126801e+01   6.9664081e+01   4.8063568e+01
   1.4881381e+01   8.5142040e+01   6.9664143e+01   4.8125712e+01
   1.4889389e+01   8.5138079e+01   6.9664173e+01   4.8183120e+01
   1.4897397e+01   8.5080744e+01   6.9663440e+01   4.8235753e+01
   1.4905405e+01   8.5047470e+01   6.9662241e+01   4.8283406e+01
   1.4913413e+01   8.5082505e+01   6.9660605e+01   4.8325992e+01
   1.4921421e+01   8.5000350e+01   6.9658565e+01   4.8363379e+01
   1.4929429e+01   8.5049732e+01   6.9655957e+01   4.8395529e+01
   1.4937437e+01   8.5025161e+01   6.9652897e+01   4.8422327e+01
   1.4945445e+01   8.4996964e+01   6.9649661e+01   4.8443691e+01
   1.4953453e+01   8.5050489e+01   6.9645735e+01   4.8459509e+01
   1.4961461e+01   8.4966371e+01   6.9641356e+01   4.8467548e+01
   1.4969469e+01   8.4975563e+01   6.9636463e+01   4.8472419e+01
   1.4977477e+01   8.4990025e+01   6.9630853e+01   4.8471898e+01
   1.4985485e+01   8.4984119e+01   6.9625112e+01   4.8465810e+01
   1.4993493e+01   8.4971513e+01   6.9618825e+01   4.8454138e+01
   1.5001502e+01   8.4981000e+01   6.9612069e+01   4.8437295e+01
   1.5009510e+01   8.4911315e+01   6.9604805e+01   4.8416713e+01
   1.5017518e+01   8.4994721e+01   6.9596842e+01   4.8386449e+01
   1.5025526e+01   8.4965403e+01   6.9588811e+01   4.8352978e+01
   1.5033534e+01   8.5066598e+01   6.9580105e+01   4.8314410e+01
   1.5041542e+01   8.4925980e+01   6.9571052e+01   4.8272691e+01
   1.5049550e+01   8.5036133e+01   6.9561609e+01   4.8223520e+01
   1.5057558e+01   8.4989345e+01   6.9551565e+01   4.8168954e+01
   1.5065566e+01   8.4999895e+01   6.9541165e+01   4.8109166e+01
   1.5073574e+01   8.4998945e+01   6.9530395e+01   4.8044295e+01
   1.5081582e+01   8.5015047e+01   6.9519372e+01   4.7974414e+01
   1.5089590e+01   8.5038700e+01   6.9507992e+01   4.7899696e+01
   1.5097598e+01   8.4887771e+01   6.9495981e+01   4.7820162e+01
   1.5105606e+01   8.5073248e+01   6.9483732e+01   4.7736028e+01
   1.5113614e+01   8.5096931e+01   6.9471291e+01   4.7647424e+01
   1.5121622e+01   8.5056347e+01   6.9458312e+01   4.7554495e+01
   1.5129630e+01   8.5104631e+01   6.9445137e+01   4.7457397e+01
   1.5137638e+01   8.5139054e+01   6.9431832e+01   4.7356333e+01
   1.5145646e+01   8.5169208e+01   6.9418107e+01   4.7251445e+01
   1.5153654e+01   8.5183566e+01   6.9403915e+01   4.7142914e+01
   1.5161662e+01   8.5180714e+01   6.9389866e+01   4.7031054e+01
   1.5169670e+01   8.5174326e+01   6.9375522e+01   4.6915969e+01
   1.5177678e+01   8.5177696e+01   6.9360990e+01   4.6797869e+01
   1.5185686e+01   8.5288956e+01   6.9346480e+01   4.6677094e+01
   1.5193694e+01   8.5205504e+01   6.9331624e+01   4.6553796e+01
   1.5201702e+01   8.5357371e+01   6.9316568e+01   4.6428225e+01
   1.5209710e+01   8.5259007e+01   6.9301597e+01   4.6300703e+01
   1.5217718e+01   8.5308474e+01   6.9286810e+01   4.6171423e+01
   1.5225726e+01   8.5350514e+01   6.9272701e+01   4.6040695e+01
   1.5233734e+01   8.5403744e+01   6.9258025e+01   4.5908781e+01
   1.5241742e+01   8.5421223e+01   6.9243044e+01   4.5775980e+01
   1.5249750e+01   8.5390938e+01   6.9228014e+01   4.5642585e+01
   1.5257758e+01   8.5446692e+01   6.9212650e+01   4.5508869e+01
   1.5265766e+01   8.5443744e+01   6.9197484e+01   4.5375157e+01
   1.5273774e+01   8.5495261e+01   6.9182453e+01   4.5241743e+01
   1.5281782e+01   8.5551868e+01   6.9167540e+01   4.5108981e+01
   1.5289790e+01   8.5501922e+01   6.9153086e+01   4.4977100e+01
   1.5297798e+01   8.5545080e+01   6.9137915e+01   4.4846729e+01
   1.5305806e+01   8.5505552e+01   6.9123516e+01   4.4718179e+01
   1.5313814e+01   8.5613987e+01   6.9108962e+01   4.4591224e+01
   1.5321822e+01   8.5546744e+01   6.9094851e+01   4.4466056e+01
   1.5329830e+01   8.5637874e+01   6.9082453e+01   4.4343231e+01
   1.5337838e+01   8.5613503e+01   6.9069974e+01   4.4223299e+01
   1.5345846e+01   8.5665600e+01   6.9056798e+01   4.4106447e+01
   1.5353854e+01   8.5710288e+01   6.9043898e+01   4.3992351e+01
   1.5361862e+01   8.5702588e+01   6.9031466e+01   4.3881427e+01
   1.5369870e+01   8.5730865e+01   6.9018998e+01   4.3774062e+01
   1.5377878e+01   8.5735345e+01   6.9006963e+01   4.3670538e+01
   1.5385886e+01   8.5741891e+01   6.8995515e+01   4.3571100e+01
   1.5393894e+01   8.5774485e+01   6.8984283e+01   4.3475911e+01
   1.5401902e+01   8.5808634e+01   6.8973300e+01   4.3385214e+01
   1.5409910e+01   8.5788593e+01   6.8962885e+01   4.3299206e+01
   1.5417918e+01   8.5732210e+01   6.8952796e+01   4.3218040e+01
   1.5425926e+01   8.5810127e+01   6.8943269e+01   4.3141861e+01
   1.5433934e+01   8.5797644e+01   6.8934134e+01   4.3070812e+01
   1.5441942e+01   8.5860617e+01   6.8925365e+01   4.3005028e+01
   1.5449950e+01   8.5809414e+01   6.8917237e+01   4.2944586e+01
   1.5457958e+01   8.5818036e+01   6.8909520e+01   4.2889573e+01
   1.5465966e+01   8.5819434e+01   6.8902294e+01   4.2840116e+01
   1.5473974e+01   8.5820245e+01   6.8895478e+01   4.2796223e+01
   1.5481982e+01   8.5786166e+01   6.8889309e+01   4.2757940e+01
   1.5489990e+01   8.5828920e+01   6.8883523e+01   4.2725314e+01
   1.5497998e+01   8.5899723e+01   6.8878129e+01   4.2698312e+01
   1.5506006e+01   8.5810938e+01   6.8873310e+01   4.2676994e+01
   1.5514014e+01   8.5824472e+01   6.8868894e+01   4.2661276e+01
   1.5522022e+01   8.5915833e+01   6.8865046e+01   4.2651146e+01
   1.5530030e+01   8.5822968e+01   6.8861499e+01   4.2646528e+01
   1.5538038e+01   8.5817903e+01   6.8858557e+01   4.2647375e+01
   1.5546046e+01   8.5798836e+01   6.8856133e+01   4.2653605e+01
   1.5554054e+01   8.5815139e+01   6.8854156e+01   4.2665098e+01
   1.5562062e+01   8.5865908e+01   6.8852449e+01   4.2681754e+01
   1.5570070e+01   8.5768815e+01   6.8851188e+01   4.2703451e+01
   1.5578078e+01   8.5799834e+01   6.8850461e+01   4.2730024e+01
   1.5586086e+01   8.5757213e+01   6.8849873e+01   4.2761368e+01
   1.5594094e+01   8.5771419e+01   6.8849793e+01   4.2797232e+01
   1.5602102e+01   8.5732979e+01   6.8849978e+01   4.2837567e+01
   1.5610110e+01   8.5736987e+01   6.8850537e+01   4.2882083e+01
   1.5618118e+01   8.5714344e+01   6.8851337e+01   4.2930618e+01
   1.5626126e+01   8.5727388e+01   6.8852462e+01   4.2982958e+01
   1.5634134e+01   8.5690825e+01   6.8853903e+01   4.3038883e+01
   1.5642142e+01   8.5704816e+01   6.8855702e+01   4.3098170e+01
   1.5650150e+01   8.5627533e+01   6.8857628e+01   4.3160592e+01
   1.5658158e+01   8.5625827e+01   6.8859818e+01   4.3225959e+01
   1.5666166e+01   8.5572198e+01   6.8861888e+01   4.3293845e+01
   1.5674174e+01   8.5582693e+01   6.8864386e+01   4.3364206e+01
   1.5682182e+01   8.5578737e+01   6.8867144e+01   4.3436688e+01
   1.5690190e+01   8.5565033e+01   6.8869789e+01   4.3511041e+01
   1.5698198e+01   8.5582564e+01   6.8872484e+01   4.3587016e+01
   1.5706206e+01   8.5497911e+01   6.8874329e+01   4.3664343e+01
   1.5714214e+01   8.5426482e+01   6.8877150e+01   4.3742754e+01
   1.5722222e+01   8.5494490e+01   6.8878768e+01   4.3821991e+01
   1.5730230e+01   8.5431976e+01   6.8881740e+01   4.3901810e+01
   1.5738238e+01   8.5443508e+01   6.8884541e+01   4.3981904e+01
   1.5746246e+01   8.5340960e+01   6.8887771e+01   4.4062045e+01
   1.5754254e+01   8.5397373e+01   6.8890620e+01   4.4141982e+01
   1.5762262e+01   8.5312130e+01   6.8893662e+01   4.4221409e+01
   1.5770270e+01   8.5363593e+01   6.8896529e+01   4.4300148e+01
   1.5778278e+01   8.5316107e+01   6.8900045e+01   4.4377917e+01
   1.5786286e+01   8.5345349e+01   6.8903226e+01   4.4454499e+01
   1.5794294e+01   8.5240949e+01   6.8906033e+01   4.4529637e+01
   1.5802302e+01   8.5294490e+01   6.8908237e+01   4.4603127e+01
   1.5810310e+01   8.5239330e+01   6.8910137e+01   4.4674753e+01
   1.5818318e+01   8.5209040e+01   6.8910414e+01   4.4744311e+01
   1.5826326e+01   8.5165799e+01   6.8913347e+01   4.4811584e+01
   1.5834334e+01   8.5257400e+01   6.8914768e+01   4.4876384e+01
   1.5842342e+01   8.5182517e+01   6.8915796e+01   4.4938545e+01
   1.5850350e+01   8.5123384e+01   6.8916391e+01   4.4997859e+01
   1.5858358e+01   8.5149383e+01   6.8916733e+01   4.5054195e+01
   1.5866366e+01   8.5088727e+01   6.8916826e+01   4.5107394e+01
   1.5874374e+01   8.5095836e+01   6.8916672e+01   4.5157303e+01
   1.5882382e+01   8.5149897e+01   6.8916236e+01   4.5203747e+01
   1.5890390e+01   8.5058155e+01   6.8915543e+01   4.5246655e+01
   1.5898398e+01   8.5092894e+01   6.8914265e+01   4.5285875e+01
   1.5906406e+01   8.5033339e+01   6.8912834e+01   4.5321314e+01
   1.5914414e+01   8.5057503e+01   6.8911025e+01   4.5352851e+01
   1.5922422e+01   8.5050020e+01   6.8908852e+01   4.5380432e+01
   1.5930430e+01   8.5016311e+01   6.8906463e+01   4.5402707e+01
   1.5938438e+01   8.5070684e+01   6.8903584e+01   4.5423359e+01
   1.5946446e+01   8.4955507e+01   6.8900220e+01   4.5438551e+01
   1.5954454e+01   8.4982389e+01   6.8896754e+01   4.5449519e+01
   1.5962462e+01   8.5044889e+01   6.8892684e+01   4.5456250e+01
   1.5970470e+01   8.4976869e+01   6.8888398e+01   4.5459088e+01
   1.5978478e+01   8.5010180e+01   6.8883515e+01   4.5459368e+01
   1.5986486e+01   8.4972889e+01   6.8878658e+01   4.5453371e+01
   1.5994494e+01   8.4931612e+01   6.8873255e+01   4.5441605e+01
   1.6002503e+01   8.5014878e+01   6.8867395e+01   4.5426616e+01
   1.6010511e+01   8.4985673e+01   6.8861219e+01   4.5410413e+01
   1.6018519e+01   8.4991914e+01   6.8854937e+01   4.5388376e+01
   1.6026527e+01   8.5012210e+01   6.8847980e+01   4.5361729e+01
   1.6034535e+01   8.5012916e+01   6.8840754e+01   4.5330587e+01
   1.6042543e+01   8.5000685e+01   6.8833358e+01   4.5295108e+01
   1.6050551e+01   8.5040640e+01   6.8825676e+01   4.5253835e+01
   1.6058559e+01   8.4966945e+01   6.8817386e+01   4.5210627e+01
   1.6066567e+01   8.5037785e+01   6.8809098e+01   4.5163292e+01
   1.6074575e+01   8.5017950e+01   6.8800461e+01   4.5111780e+01
   1.6082583e+01   8.4985345e+01   6.8791413e+01   4.5056294e+01
   1.6090591e+01   8.5012720e+01   6.8781994e+01   4.4996940e+01
   1.6098599e+01   8.5116674e+01   6.8772400e+01   4.4933868e+01
   1.6106607e+01   8.5028989e+01   6.8762639e+01   4.4867219e+01
   1.6114615e+01   8.5071065e+01   6.8752499e+01   4.4797178e+01
   1.6122623e+01   8.5066457e+01   6.8742203e+01   4.4723893e+01
   1.6130631e+01   8.5082093e+01   6.8731964e+01   4.4647517e+01
   1.6138639e+01   8.5064291e+01   6.8720868e+01   4.4568116e+01
   1.6146647e+01   8.5139766e+01   6.8710333e+01   4.4485789e+01
   1.6154655e+01   8.5123759e+01   6.8699307e+01   4.4400784e+01
   1.6162663e+01   8.5120443e+01   6.8688145e+01   4.4313218e+01
   1.6170671e+01   8.5156066e+01   6.8676850e+01   4.4223328e+01
   1.6178679e+01   8.5139879e+01   6.8665312e+01   4.4131360e+01
   1.6186687e+01   8.5174544e+01   6.8653709e+01   4.4037469e+01
   1.6194695e+01   8.5226924e+01   6.8641975e+01   4.3941799e+01
   1.6202703e+01   8.5208210e+01   6.8630312e+01   4.3844647e+01
   1.6210711e+01   8.5269629e+01   6.8618362e+01   4.3746096e+01
   1.6218719e+01   8.5201083e+01   6.8606573e+01   4.3646360e+01
   1.6226727e+01   8.5198897e+01   6.8594573e+01   4.3545678e+01
   1.6234735e+01   8.5334213e+01   6.8582863e+01   4.3444201e+01
   1.6242743e+01   8.5233021e+01   6.8570785e+01   4.3342201e+01
   1.6250751e+01   8.5299127e+01   6.8559067e+01   4.3239869e+01
   1.6258759e+01   8.5312493e+01   6.8548737e+01   4.3137439e+01
   1.6266767e+01   8.5373977e+01   6.8538262e+01   4.3035138e+01
   1.6274775e+01   8.5357820e+01   6.8527035e+01   4.2933134e+01
   1.6282783e+01   8.5365172e+01   6.8515501e+01   4.2831693e+01
   1.6290791e+01   8.5285262e+01   6.8504305e+01   4.2731033e+01
   1.6298799e+01   8.5468997e+01   6.8492938e+01   4.2631345e+01
   1.6306807e+01   8.5390958e+01   6.8481862e+01   4.2532907e+01
   1.6314815e+01   8.5458349e+01   6.8471281e+01   4.2435883e+01
   1.6322823e+01   8.5437981e+01   6.8460810e+01   4.2340467e+01
   1.6330831e+01   8.5390989e+01   6.8450797e+01   4.2246914e+01
   1.6338839e+01   8.5480055e+01   6.8441118e+01   4.2155350e+01
   1.6346847e+01   8.5507109e+01   6.8431524e+01   4.2066031e+01
   1.6354855e+01   8.5474351e+01   6.8421934e+01   4.1979123e+01
   1.6362863e+01   8.5544979e+01   6.8412276e+01   4.1894801e+01
   1.6370871e+01   8.5458307e+01   6.8402752e+01   4.1813252e+01
   1.6378879e+01   8.5598030e+01   6.8393629e+01   4.1734638e+01
   1.6386887e+01   8.5509451e+01   6.8384919e+01   4.1659094e+01
   1.6394895e+01   8.5603382e+01   6.8376340e+01   4.1586788e+01
   1.6402903e+01   8.5577222e+01   6.8367981e+01   4.1517832e+01
   1.6410911e+01   8.5526090e+01   6.8360084e+01   4.1452394e+01
   1.6418919e+01   8.5600089e+01   6.8352401e+01   4.1390578e+01
   1.6426927e+01   8.5595674e+01   6.8345021e+01   4.1332443e+01
   1.6434935e+01   8.5601645e+01   6.8337983e+01   4.1278139e+01
   1.6442943e+01   8.5557217e+01   6.8331301e+01   4.1227736e+01
   1.6450951e+01   8.5615889e+01   6.8324875e+01   4.1181320e+01
   1.6458959e+01   8.5589280e+01   6.8318829e+01   4.1138913e+01
   1.6466967e+01   8.5568504e+01   6.8313265e+01   4.1100597e+01
   1.6474975e+01   8.5628326e+01   6.8307907e+01   4.1066449e+01
   1.6482983e+01   8.5645695e+01   6.8302533e+01   4.1036406e+01
   1.6490991e+01   8.5715957e+01   6.8298166e+01   4.1010552e+01
   1.6498999e+01   8.5664875e+01   6.8293768e+01   4.0988879e+01
   1.6507007e+01   8.5669799e+01   6.8289690e+01   4.0971363e+01
   1.6515015e+01   8.5680685e+01   6.8285917e+01   4.0958008e+01
   1.6523023e+01   8.5696252e+01   6.8282714e+01   4.0948764e+01
   1.6531031e+01   8.5720318e+01   6.8279602e+01   4.0943632e+01
   1.6539039e+01   8.5715828e+01   6.8277049e+01   4.0942528e+01
   1.6547047e+01   8.5673004e+01   6.8274533e+01   4.0945398e+01
   1.6555055e+01   8.5679522e+01   6.8272434e+01   4.0952167e+01
   1.6563063e+01   8.5671429e+01   6.8270705e+01   4.0962761e+01
   1.6571071e+01   8.5652341e+01   6.8269214e+01   4.0977078e+01
   1.6579079e+01   8.5653686e+01   6.8268124e+01   4.0995052e+01
   1.6587087e+01   8.5600888e+01   6.8267223e+01   4.1016534e+01
   1.6595095e+01   8.5620038e+01   6.8266380e+01   4.1041416e+01
   1.6603103e+01   8.5627784e+01   6.8265694e+01   4.1069640e+01
   1.6611111e+01   8.5563069e+01   6.8265403e+01   4.1100889e+01
   1.6619119e+01   8.5608895e+01   6.8265531e+01   4.1135222e+01
   1.6627127e+01   8.5565600e+01   6.8265691e+01   4.1172377e+01
   1.6635135e+01   8.5600310e+01   6.8265992e+01   4.1212229e+01
   1.6643143e+01   8.5531361e+01   6.8266748e+01   4.1254625e+01
   1.6651151e+01   8.5510807e+01   6.8267319e+01   4.1299466e+01
   1.6659159e+01   8.5568853e+01   6.8268127e+01   4.1346347e+01
   1.6667167e+01   8.5445894e+01   6.8268983e+01   4.1395293e+01
   1.6675175e+01   8.5510203e+01   6.8270084e+01   4.1446125e+01
   1.6683183e+01   8.5437285e+01   6.8271213e+01   4.1498565e+01
   1.6691191e+01   8.5498943e+01   6.8272609e+01   4.1552500e+01
   1.6699199e+01   8.5492247e+01   6.8273945e+01   4.1607702e+01
   1.6707207e+01   8.5449957e+01   6.8275050e+01   4.1664038e+01
   1.6715215e+01   8.5408433e+01   6.8276405e+01   4.1721342e+01
   1.6723223e+01   8.5420242e+01   6.8277410e+01   4.1779570e+01
   1.6731231e+01   8.5381236e+01   6.8279259e+01   4.1838569e+01
   1.6739239e+01   8.5371024e+01   6.8280764e+01   4.1897690e+01
   1.6747247e+01   8.5394149e+01   6.8282105e+01   4.1956721e+01
   1.6755255e+01   8.5373087e+01   6.8283327e+01   4.2015690e+01
   1.6763263e+01   8.5348609e+01   6.8284481e+01   4.2074640e+01
   1.6771271e+01   8.5365243e+01   6.8285780e+01   4.2133181e+01
   1.6779279e+01   8.5291201e+01   6.8286539e+01   4.2190794e+01
   1.6787287e+01   8.5299415e+01   6.8287359e+01   4.2247437e+01
   1.6795295e+01   8.5294830e+01   6.8287198e+01   4.2302815e+01
   1.6803303e+01   8.5250927e+01   6.8287457e+01   4.2357104e+01
   1.6811311e+01   8.5268978e+01   6.8287436e+01   4.2410026e+01
   1.6819319e+01   8.5223175e+01   6.8287854e+01   4.2461279e+01
   1.6827327e+01   8.5208234e+01   6.8288319e+01   4.2511553e+01
   1.6835335e+01   8.5232123e+01   6.8288442e+01   4.2559006e+01
   1.6843343e+01   8.5159941e+01   6.8288596e+01   4.2604919e+01
   1.6851351e+01   8.5179890e+01   6.8288463e+01   4.2648726e+01
   1.6859359e+01   8.5190555e+01   6.8288152e+01   4.2690320e+01
   1.6867367e+01   8.5145951e+01   6.8287696e+01   4.2729514e+01
   1.6875375e+01   8.5186231e+01   6.8286929e+01   4.2766262e+01
   1.6883383e+01   8.5106331e+01   6.8286458e+01   4.2800407e+01
   1.6891391e+01   8.5115667e+01   6.8285838e+01   4.2831855e+01
   1.6899399e+01   8.5120271e+01   6.8284951e+01   4.2860514e+01
   1.6907407e+01   8.5104290e+01   6.8283321e+01   4.2886297e+01
   1.6915415e+01   8.5110884e+01   6.8281267e+01   4.2911214e+01
   1.6923423e+01   8.5053888e+01   6.8279179e+01   4.2928894e+01
   1.6931431e+01   8.5091092e+01   6.8276860e+01   4.2945607e+01
   1.6939439e+01   8.5085317e+01   6.8273943e+01   4.2959657e+01
   1.6947447e+01   8.5067858e+01   6.8271028e+01   4.2971973e+01
   1.6955455e+01   8.5024766e+01   6.8267449e+01   4.2979369e+01
   1.6963463e+01   8.5151780e+01   6.8263929e+01   4.2983440e+01
   1.6971471e+01   8.5056467e+01   6.8260134e+01   4.2984475e+01
   1.6979479e+01   8.5047417e+01   6.8256065e+01   4.2983952e+01
   1.6987487e+01   8.5059592e+01   6.8251638e+01   4.2978365e+01
   1.6995495e+01   8.5016676e+01   6.8246940e+01   4.2969303e+01
   1.7003504e+01   8.5052294e+01   6.8242126e+01   4.2956857e+01
   1.7011512e+01   8.5040413e+01   6.8237013e+01   4.2941089e+01
   1.7019520e+01   8.5101553e+01   6.8231465e+01   4.2921929e+01
   1.7027528e+01   8.5013459e+01   6.8225624e+01   4.2898611e+01
   1.7035536e+01   8.5130352e+01   6.8219702e+01   4.2871813e+01
   1.7043544e+01   8.5045877e+01   6.8213408e+01   4.2843109e+01
   1.7051552e+01   8.5069383e+01   6.8207379e+01   4.2811183e+01
   1.7059560e+01   8.5074810e+01   6.8189548e+01   4.2776190e+01
   1.7067568e+01   8.5088629e+01   6.8193792e+01   4.2738111e+01
   1.7075576e+01   8.5048891e+01   6.8186705e+01   4.2696915e+01
   1.7083584e+01   8.5110498e+01   6.8179342e+01   4.2651069e+01
   1.7091592e+01   8.5081145e+01   6.8171907e+01   4.2604028e+01
   1.7099600e+01   8.5079921e+01   6.8164339e+01   4.2554547e+01
   1.7107608e+01   8.5140782e+01   6.8155738e+01   4.2502426e+01
   1.7115616e+01   8.5127698e+01   6.8148527e+01   4.2447694e+01
   1.7123624e+01   8.5090452e+01   6.8140258e+01   4.2390524e+01
   1.7131632e+01   8.5144611e+01   6.8131904e+01   4.2330959e+01
   1.7139640e+01   8.5160685e+01   6.8123370e+01   4.2269133e+01
   1.7147648e+01   8.5114111e+01   6.8114803e+01   4.2205174e+01
   1.7155656e+01   8.5165680e+01   6.8106270e+01   4.2139188e+01
   1.7163664e+01   8.5194858e+01   6.8097521e+01   4.2071329e+01
   1.7171672e+01   8.5165446e+01   6.8088486e+01   4.2001730e+01
   1.7179680e+01   8.5202954e+01   6.8079895e+01   4.1930519e+01
   1.7187688e+01   8.5196742e+01   6.8072080e+01   4.1857886e+01
   1.7195696e+01   8.5222601e+01   6.8064058e+01   4.1783928e+01
   1.7203704e+01   8.5218933e+01   6.8055195e+01   4.1708809e+01
   1.7211712e+01   8.5241774e+01   6.8046095e+01   4.1632704e+01
   1.7219720e+01   8.5170952e+01   6.8037027e+01   4.1555755e+01
   1.7227728e+01   8.5324219e+01   6.8028089e+01   4.1478132e+01
   1.7235736e+01   8.5267159e+01   6.8019089e+01   4.1400000e+01
   1.7243744e+01   8.5256220e+01   6.8010036e+01   4.1321511e+01
   1.7251752e+01   8.5335701e+01   6.8000905e+01   4.1242835e+01
   1.7259760e+01   8.5273878e+01   6.7992073e+01   4.1164131e+01
   1.7267768e+01   8.5298822e+01   6.7983018e+01   4.1085571e+01
   1.7275776e+01   8.5345383e+01   6.7974092e+01   4.1007326e+01
   1.7283784e+01   8.5356243e+01   6.7965550e+01   4.0929581e+01
   1.7291792e+01   8.5335693e+01   6.7956927e+01   4.0852427e+01
   1.7299800e+01   8.5333886e+01   6.7948313e+01   4.0776093e+01
   1.7307808e+01   8.5360690e+01   6.7939949e+01   4.0700680e+01
   1.7315816e+01   8.5363368e+01   6.7931670e+01   4.0626496e+01
   1.7323824e+01   8.5436265e+01   6.7923377e+01   4.0553453e+01
   1.7331832e+01   8.5425495e+01   6.7915274e+01   4.0481853e+01
   1.7339840e+01   8.5451569e+01   6.7907467e+01   4.0411837e+01
   1.7347848e+01   8.5426444e+01   6.7899854e+01   4.0343521e+01
   1.7355856e+01   8.5481342e+01   6.7892109e+01   4.0277023e+01
   1.7363864e+01   8.5458219e+01   6.7884819e+01   4.0212522e+01
   1.7371872e+01   8.5445184e+01   6.7877662e+01   4.0150105e+01
   1.7379880e+01   8.5487666e+01   6.7870650e+01   4.0089899e+01
   1.7387888e+01   8.5275303e+01   6.7863751e+01   4.0032014e+01
   1.7395896e+01   8.5521133e+01   6.7857280e+01   3.9976562e+01
   1.7403904e+01   8.5454071e+01   6.7850871e+01   3.9923679e+01
   1.7411912e+01   8.5517022e+01   6.7844630e+01   3.9873425e+01
   1.7419920e+01   8.5509574e+01   6.7838746e+01   3.9825929e+01
   1.7427928e+01   8.5522214e+01   6.7833366e+01   3.9781279e+01
   1.7435936e+01   8.5529748e+01   6.7828392e+01   3.9739733e+01
   1.7443944e+01   8.5521057e+01   6.7823702e+01   3.9701333e+01
   1.7451952e+01   8.5552835e+01   6.7819278e+01   3.9665727e+01
   1.7459960e+01   8.5506166e+01   6.7814695e+01   3.9632991e+01
   1.7467968e+01   8.5568648e+01   6.7810325e+01   3.9603297e+01
   1.7475976e+01   8.5562136e+01   6.7805992e+01   3.9576917e+01
   1.7483984e+01   8.5514978e+01   6.7801900e+01   3.9553664e+01
   1.7491992e+01   8.5564750e+01   6.7798154e+01   3.9533253e+01
   1.7500000e+01   8.5484215e+01   6.7794622e+01   3.9515785e+01
