   5.0000000e-03   4.1417510e-02   5.7618177e-02   8.0186835e-02   1.1152387e-01   1.1875131e-01
   5.2747554e-03   4.1435009e-02   5.7643389e-02   8.0186817e-02   1.1155018e-01   1.1881438e-01
   5.5646090e-03   4.1458094e-02   5.7676604e-02   8.0234429e-02   1.1159217e-01   1.1889191e-01
   5.8703903e-03   4.1468569e-02   5.7691898e-02   8.0256552e-02   1.1164982e-01   1.1888124e-01
   6.1929746e-03   4.1485148e-02   5.7715921e-02   8.0291145e-02   1.1167359e-01   1.1893879e-01
   6.5332853e-03   4.1498641e-02   5.7735600e-02   8.0319598e-02   1.1171449e-01   1.1896085e-01
   6.8922964e-03   4.1509276e-02   5.7751265e-02   8.0342385e-02   1.1174739e-01   1.1899994e-01
   7.2710355e-03   4.1508185e-02   5.7763149e-02   8.0359829e-02   1.1177269e-01   1.1903003e-01
   7.6705868e-03   4.1522504e-02   5.7771292e-02   8.0406437e-02   1.1183958e-01   1.1905159e-01
   8.0920939e-03   4.1542955e-02   5.7801102e-02   8.0415089e-02   1.1185247e-01   1.1911644e-01
   8.5367632e-03   4.1543876e-02   5.7803173e-02   8.0418741e-02   1.1185831e-01   1.1912406e-01
   9.0058676e-03   4.1559380e-02   5.7826092e-02   8.0452156e-02   1.1193055e-01   1.1912383e-01
   9.5007498e-03   4.1564856e-02   5.7834815e-02   8.0465438e-02   1.1192629e-01   1.1916709e-01
   1.0022826e-02   4.1576697e-02   5.7852688e-02   8.0491828e-02   1.1196472e-01   1.1917882e-01
   1.0573592e-02   4.1577968e-02   5.7879089e-02   8.0530465e-02   1.1202069e-01   1.1921012e-01
   1.1154622e-02   4.1586821e-02   5.7869429e-02   8.0517831e-02   1.1204799e-01   1.1925732e-01
   1.1767580e-02   4.1601960e-02   5.7892323e-02   8.0551680e-02   1.1205306e-01   1.1922963e-01
   1.2414222e-02   4.1607147e-02   5.7912676e-02   8.0582020e-02   1.1209751e-01   1.1926776e-01
   1.3096397e-02   4.1619535e-02   5.7920374e-02   8.0594451e-02   1.1211656e-01   1.1929936e-01
   1.3816058e-02   4.1630602e-02   5.7937848e-02   8.0620942e-02   1.1215576e-01   1.1930462e-01
   1.4575265e-02   4.1640623e-02   5.7953972e-02   8.0645646e-02   1.1219255e-01   1.1932780e-01
   1.5376192e-02   4.1649840e-02   5.7969097e-02   8.0669068e-02   1.1222765e-01   1.1934679e-01
   1.6221130e-02   4.1658463e-02   5.7983527e-02   8.0691648e-02   1.1226168e-01   1.1936225e-01
   1.7112499e-02   4.1666671e-02   5.7997521e-02   8.0713759e-02   1.1229520e-01   1.1937474e-01
   1.8052850e-02   4.1674612e-02   5.8011290e-02   8.0735705e-02   1.1232864e-01   1.1938477e-01
   1.9044873e-02   4.1682395e-02   5.8024990e-02   8.0757709e-02   1.1236232e-01   1.1939280e-01
   2.0091410e-02   4.1690079e-02   5.8057875e-02   8.0807204e-02   1.1243532e-01   1.1939922e-01
   2.1195454e-02   4.1712427e-02   5.8073458e-02   8.0832203e-02   1.1247359e-01   1.1944256e-01
   2.2360168e-02   4.1721656e-02   5.8098921e-02   8.0871438e-02   1.1253230e-01   1.1945053e-01
   2.3588883e-02   4.1738324e-02   5.8116611e-02   8.0899739e-02   1.1257559e-01   1.1945920e-01
   2.4885118e-02   4.1762540e-02   5.8154434e-02   8.0956867e-02   1.1266012e-01   1.1948837e-01
   2.6252582e-02   4.1775980e-02   5.8177014e-02   8.0992409e-02   1.1271404e-01   1.1954034e-01
   2.7695190e-02   4.1796536e-02   5.8226225e-02   8.1066029e-02   1.1282238e-01   1.1956422e-01
   2.9217071e-02   4.1826851e-02   5.8256652e-02   8.1112994e-02   1.1289289e-01   1.1964202e-01
   3.0822580e-02   4.1847004e-02   5.8289059e-02   8.1162892e-02   1.1298288e-01   1.1968848e-01
   3.2516315e-02   4.1888041e-02   5.8351296e-02   8.1255411e-02   1.1310346e-01   1.1974457e-01
   3.4303121e-02   4.1915863e-02   5.8394757e-02   8.1321279e-02   1.1320138e-01   1.1986515e-01
   3.6188115e-02   4.1964012e-02   5.8467246e-02   8.1428635e-02   1.1335862e-01   1.1995993e-01
   3.8176691e-02   4.2001323e-02   5.8524355e-02   8.1532210e-02   1.1351068e-01   1.2012140e-01
   4.0274542e-02   4.2059581e-02   5.8611403e-02   8.1642613e-02   1.1367275e-01   1.2026856e-01
   4.2487672e-02   4.2117633e-02   5.8698267e-02   8.1770967e-02   1.1386072e-01   1.2048896e-01
   4.4822415e-02   4.2180002e-02   5.8791444e-02   8.1908597e-02   1.1406234e-01   1.2072942e-01
   4.7285456e-02   4.2256757e-02   5.8905342e-02   8.2076122e-02   1.1430711e-01   1.2100515e-01
   4.9883843e-02   4.2330851e-02   5.9015749e-02   8.2253400e-02   1.1456648e-01   1.2133691e-01
   5.2625014e-02   4.2426082e-02   5.9156688e-02   8.2446305e-02   1.1484902e-01   1.2171455e-01
   5.5516816e-02   4.2526694e-02   5.9305832e-02   8.2665956e-02   1.1517081e-01   1.2217533e-01
   5.8567525e-02   4.2634847e-02   5.9474852e-02   8.2914953e-02   1.1553588e-01   1.2269433e-01
   6.1785874e-02   4.2761288e-02   5.9653939e-02   8.3179564e-02   1.1592499e-01   1.2328350e-01
   6.5181075e-02   4.2895644e-02   5.9853830e-02   8.3475390e-02   1.1636081e-01   1.2397837e-01
   6.8762846e-02   4.3043974e-02   6.0074963e-02   8.3803391e-02   1.1684517e-01   1.2476055e-01
   7.2541439e-02   4.3199051e-02   6.0307292e-02   8.4149616e-02   1.1735872e-01   1.2565353e-01
   7.6527670e-02   4.3368985e-02   6.0562664e-02   8.4531351e-02   1.1792667e-01   1.2664827e-01
   8.0732948e-02   4.3545367e-02   6.0829378e-02   8.4932339e-02   1.1852647e-01   1.2776788e-01
   8.5169311e-02   4.3728953e-02   6.1108815e-02   8.5354980e-02   1.1916215e-01   1.2901446e-01
   8.9849457e-02   4.3911279e-02   6.1389196e-02   8.5782911e-02   1.1981103e-01   1.3037890e-01
   9.4786783e-02   4.4093976e-02   6.1673122e-02   8.6220244e-02   1.2047957e-01   1.3184847e-01
   9.9995419e-02   4.4265138e-02   6.1943864e-02   8.6643493e-02   1.2113483e-01   1.3342175e-01
   1.0549028e-01   4.4418725e-02   6.2193011e-02   8.7040970e-02   1.2176061e-01   1.3507498e-01
   1.1128708e-01   4.4543015e-02   6.2403992e-02   8.7389268e-02   1.2232387e-01   1.3677004e-01
   1.1740243e-01   4.4624223e-02   6.2557224e-02   8.7664041e-02   1.2279009e-01   1.3846436e-01
   1.2385382e-01   4.4652522e-02   6.2638681e-02   8.7834915e-02   1.2311600e-01   1.4009994e-01
   1.3065972e-01   4.4608945e-02   6.2621214e-02   8.7873411e-02   1.2326079e-01   1.4162089e-01
   1.3783961e-01   4.4477825e-02   6.2482282e-02   8.7743649e-02   1.2317292e-01   1.4294363e-01
   1.4541405e-01   4.4240361e-02   6.2194767e-02   8.7406528e-02   1.2279602e-01   1.4398634e-01
   1.5340471e-01   4.3878315e-02   6.1732263e-02   8.6823817e-02   1.2207475e-01   1.4465596e-01
   1.6183446e-01   4.3373809e-02   6.1068780e-02   8.5957742e-02   1.2095423e-01   1.4485817e-01
   1.7072744e-01   4.2710174e-02   6.0179974e-02   8.4772761e-02   1.1938256e-01   1.4449939e-01
   1.8010910e-01   4.1872608e-02   5.9044100e-02   8.3236939e-02   1.1731288e-01   1.4349015e-01
   1.9000629e-01   4.0850240e-02   5.7644975e-02   8.1326213e-02   1.1470942e-01   1.4175520e-01
   2.0044734e-01   3.9635528e-02   5.5971145e-02   7.9023226e-02   1.1154596e-01   1.3922931e-01
   2.1146214e-01   3.8225712e-02   5.4017977e-02   7.6320361e-02   1.0781015e-01   1.3587013e-01
   2.2308222e-01   3.6623815e-02   5.1789117e-02   7.3221840e-02   1.0350660e-01   1.3165790e-01
   2.3534083e-01   3.4838825e-02   4.9296764e-02   6.9744165e-02   9.8657523e-02   1.2660021e-01
   2.4827306e-01   3.2885868e-02   4.6561949e-02   6.5916534e-02   9.3303399e-02   1.2073319e-01
   2.6191594e-01   3.0786068e-02   4.3614345e-02   6.1780601e-02   8.7502660e-02   1.1412177e-01
   2.7630850e-01   2.8566064e-02   4.0491591e-02   5.7389530e-02   8.1330376e-02   1.0685837e-01
   2.9149195e-01   2.6257197e-02   3.7238143e-02   5.2806369e-02   7.4875937e-02   9.9059884e-02
   3.0750975e-01   2.3894396e-02   3.3903689e-02   4.8101787e-02   6.8239844e-02   9.0863225e-02
   3.2440775e-01   2.1514828e-02   3.0541210e-02   4.3351312e-02   6.1529759e-02   8.2419574e-02
   3.4223430e-01   1.9156371e-02   2.7204808e-02   3.8632212e-02   5.4856033e-02   7.3887734e-02
   3.6104045e-01   1.6856037e-02   2.3947436e-02   3.4020250e-02   4.8327065e-02   6.5427065e-02
   3.8088002e-01   1.4648391e-02   2.0818631e-02   2.9586421e-02   4.2044607e-02   5.7190243e-02
   4.0180979e-01   1.2564136e-02   1.7862479e-02   2.5394028e-02   3.6099556e-02   4.9316640e-02
   4.2388967e-01   1.0628910e-02   1.5115882e-02   2.1496187e-02   3.0568368e-02   4.1926554e-02
   4.4718287e-01   8.8623943e-03   1.2607265e-02   1.7933952e-02   2.5510337e-02   3.5116706e-02
   4.7175605e-01   7.2777713e-03   1.0355792e-02   1.4735178e-02   2.0965947e-02   2.8957291e-02
   4.9767956e-01   5.8815814e-03   8.3711426e-03   1.1914182e-02   1.6956352e-02   2.3490735e-02
   5.2502759e-01   4.6739560e-03   6.6538386e-03   9.4721865e-03   1.3483989e-02   1.8732141e-02
   5.5387843e-01   3.6492029e-03   5.1960648e-03   7.3984833e-03   1.0534219e-02   1.4671319e-02
   5.8431465e-01   2.7966790e-03   3.9829102e-03   5.6721945e-03   8.0778232e-03   1.1276138e-02
   6.1642337e-01   2.1018687e-03   2.9939036e-03   4.2644570e-03   6.0741188e-03   8.4968487e-03
   6.5029650e-01   1.5475739e-03   2.2047101e-03   3.1408425e-03   4.4744050e-03   6.2709775e-03
   6.8603100e-01   1.1151172e-03   1.5888486e-03   2.2638092e-03   3.2254653e-03   4.5283653e-03
   7.2372915e-01   7.8546681e-04   1.1192994e-03   1.5949998e-03   2.2728505e-03   3.1959456e-03
   7.6349885e-01   5.4020826e-04   7.6989411e-04   1.0972290e-03   1.5637236e-03   2.2019338e-03
   8.0545394e-01   3.6230959e-04   5.1641199e-04   7.3605417e-04   1.0491080e-03   1.4791838e-03
   8.4971451e-01   2.3665328e-04   3.3734281e-04   4.8087012e-04   6.8545902e-04   9.6758302e-04
   8.9640724e-01   1.5033361e-04   2.1431550e-04   3.0552647e-04   4.3555382e-04   6.1546763e-04
   9.4566580e-01   9.2741372e-05   1.3222269e-04   1.8851094e-04   2.6876033e-04   3.8013813e-04
   9.9763116e-01   5.5474319e-05   7.9096304e-05   1.1277654e-04   1.6079763e-04   2.2762977e-04
