   0.0000000e+00   2.8255823e-01   3.6184202e-01   5.3947443e-01   1.0072355e+00
   5.4874938e-04   2.8262061e-01   3.6191154e-01   5.3956012e-01   1.0073532e+00
   6.0225177e-04   2.8261989e-01   3.6190961e-01   5.3955548e-01   1.0073404e+00
   6.6097057e-04   2.8261910e-01   3.6190748e-01   5.3955037e-01   1.0073263e+00
   7.2541439e-04   2.8261822e-01   3.6190512e-01   5.3954472e-01   1.0073107e+00
   7.9614140e-04   2.8261724e-01   3.6190250e-01   5.3953843e-01   1.0072933e+00
   8.7376420e-04   2.8261615e-01   3.6189957e-01   5.3953140e-01   1.0072739e+00
   9.5895513e-04   2.8261492e-01   3.6189626e-01   5.3952347e-01   1.0072520e+00
   1.0524521e-03   2.8261352e-01   3.6189250e-01   5.3951444e-01   1.0072271e+00
   1.1550649e-03   2.8261191e-01   3.6188817e-01   5.3950408e-01   1.0071985e+00
   1.2676822e-03   2.8261004e-01   3.6188315e-01   5.3949204e-01   1.0071653e+00
   1.3912797e-03   2.8260785e-01   3.6187727e-01   5.3947791e-01   1.0071263e+00
   1.5269278e-03   2.8260526e-01   3.6187031e-01   5.3946123e-01   1.0070803e+00
   1.6758013e-03   2.8260218e-01   3.6186205e-01   5.3944140e-01   1.0070256e+00
   1.8391899e-03   2.8259851e-01   3.6185216e-01   5.3941770e-01   1.0069601e+00
   2.0185086e-03   2.8259410e-01   3.6184032e-01   5.3938929e-01   1.0068817e+00
   2.2153107e-03   2.8258881e-01   3.6182611e-01   5.3935519e-01   1.0067876e+00
   2.4313008e-03   2.8258245e-01   3.6180900e-01   5.3931416e-01   1.0066743e+00
   2.6683496e-03   2.8257479e-01   3.6178842e-01   5.3926475e-01   1.0065379e+00
   2.9285104e-03   2.8256557e-01   3.6176364e-01   5.3920530e-01   1.0063738e+00
   3.2140366e-03   2.8255445e-01   3.6173375e-01   5.3913355e-01   1.0061756e+00
   3.5274012e-03   2.8254109e-01   3.6169782e-01   5.3904731e-01   1.0059374e+00
   3.8713184e-03   2.8252499e-01   3.6165450e-01   5.3894330e-01   1.0056501e+00
   4.2487672e-03   2.8250558e-01   3.6160228e-01   5.3881789e-01   1.0053037e+00
   4.6630167e-03   2.8248223e-01   3.6153945e-01   5.3866695e-01   1.0048865e+00
   5.1176551e-03   2.8245413e-01   3.6146378e-01   5.3848511e-01   1.0043838e+00
   5.6166202e-03   2.8242031e-01   3.6137268e-01   5.3826602e-01   1.0037779e+00
   6.1642337e-03   2.8237957e-01   3.6126286e-01   5.3800189e-01   1.0030470e+00
   6.7652389e-03   2.8233049e-01   3.6113053e-01   5.3768357e-01   1.0021658e+00
   7.4248413e-03   2.8227148e-01   3.6097126e-01   5.3729987e-01   1.0011028e+00
   8.1487542e-03   2.8220051e-01   3.6077951e-01   5.3683747e-01   9.9982058e-01
   8.9432476e-03   2.8211512e-01   3.6054853e-01   5.3627990e-01   9.9827297e-01
   9.8152033e-03   2.8201240e-01   3.6027023e-01   5.3560740e-01   9.9640395e-01
   1.0772173e-02   2.8188891e-01   3.5993528e-01   5.3479654e-01   9.9414695e-01
   1.1822447e-02   2.8174054e-01   3.5953194e-01   5.3381815e-01   9.9141834e-01
   1.2975121e-02   2.8156228e-01   3.5904630e-01   5.3263746e-01   9.8811773e-01
   1.4240179e-02   2.8134837e-01   3.5846168e-01   5.3121190e-01   9.8412110e-01
   1.5628579e-02   2.8109180e-01   3.5775819e-01   5.2949028e-01   9.7927660e-01
   1.7152346e-02   2.8078414e-01   3.5691167e-01   5.2740964e-01   9.7339574e-01
   1.8824679e-02   2.8041627e-01   3.5589436e-01   5.2489618e-01   9.6624776e-01
   2.0660062e-02   2.7997640e-01   3.5467192e-01   5.2185618e-01   9.5753987e-01
   2.2674393e-02   2.7945147e-01   3.5320469e-01   5.1817968e-01   9.4691039e-01
   2.4885118e-02   2.7882634e-01   3.5144681e-01   5.1373500e-01   9.3390796e-01
   2.7311386e-02   2.7808347e-01   3.4934538e-01   5.0836701e-01   9.1797922e-01
   2.9974213e-02   2.7720297e-01   3.4684109e-01   5.0189932e-01   8.9846992e-01
   3.2896661e-02   2.7616196e-01   3.4386961e-01   4.9414077e-01   8.7466354e-01
   3.6104045e-02   2.7493421e-01   3.4036262e-01   4.8489628e-01   8.4587132e-01
   3.9624145e-02   2.7349066e-01   3.3625161e-01   4.7398762e-01   8.1156156e-01
   4.3487450e-02   2.7179896e-01   3.3147200e-01   4.6127466e-01   7.7151583e-01
   4.7727423e-02   2.6982272e-01   3.2596651e-01   4.4667352e-01   7.2592746e-01
   5.2380788e-02   2.6752568e-01   3.1969738e-01   4.3020879e-01   6.7558813e-01
   5.7487850e-02   2.6486955e-01   3.1264581e-01   4.1200724e-01   6.2179804e-01
   6.3092844e-02   2.6181758e-01   3.0482256e-01   3.9231919e-01   5.6627846e-01
   6.9244319e-02   2.5833790e-01   2.9626904e-01   3.7150235e-01   5.1091251e-01
   7.5995554e-02   2.5440437e-01   2.8705906e-01   3.4999316e-01   4.5747404e-01
   8.3405027e-02   2.5000304e-01   2.7729702e-01   3.2826505e-01   4.0739420e-01
   9.1536914e-02   2.4513462e-01   2.6711152e-01   3.0678079e-01   3.6163908e-01
   1.0046165e-01   2.3981608e-01   2.5664835e-01   2.8595164e-01   3.2070305e-01
   1.1025654e-01   2.3408444e-01   2.4606050e-01   2.6610993e-01   2.8467913e-01
   1.2100641e-01   2.2799336e-01   2.3549735e-01   2.4749533e-01   2.5336546e-01
   1.3280439e-01   2.2161210e-01   2.2509647e-01   2.3025283e-01   2.2638044e-01
   1.4575265e-01   2.1502164e-01   2.1497754e-01   2.1444822e-01   2.0325230e-01
   1.5996336e-01   2.0830751e-01   2.0523719e-01   2.0007955e-01   1.8348632e-01
   1.7555959e-01   2.0155662e-01   1.9594771e-01   1.8709664e-01   1.6660616e-01
   1.9267643e-01   1.9485067e-01   1.8715908e-01   1.7541622e-01   1.5217683e-01
   2.1146214e-01   1.8826238e-01   1.7889885e-01   1.6493677e-01   1.3981453e-01
   2.3207944e-01   1.8185365e-01   1.7117786e-01   1.5554781e-01   1.2918824e-01
   2.5470690e-01   1.7567371e-01   1.6399132e-01   1.4713852e-01   1.2001789e-01
   2.7954051e-01   1.6975950e-01   1.5732451e-01   1.3960198e-01   1.1206821e-01
   3.0679536e-01   1.6413426e-01   1.5115393e-01   1.3283820e-01   1.0514294e-01
   3.3670753e-01   1.5881109e-01   1.4545084e-01   1.2675551e-01   9.9079161e-02
   3.6953610e-01   1.5379391e-01   1.4018324e-01   1.2127235e-01   9.3742279e-02
   4.0556542e-01   1.4907865e-01   1.3531820e-01   1.1631502e-01   8.9020807e-02
   4.4510754e-01   1.4465473e-01   1.3082165e-01   1.1181931e-01   8.4822229e-02
   4.8850498e-01   1.4050596e-01   1.2665910e-01   1.0772756e-01   8.1069787e-02
   5.3613361e-01   1.3661188e-01   1.2279630e-01   1.0398839e-01   7.7699021e-02
   5.8840598e-01   1.3294907e-01   1.1920051e-01   1.0055717e-01   7.4656314e-02
   6.4577483e-01   1.2949131e-01   1.1583888e-01   9.7392716e-02   7.1895564e-02
   7.0873708e-01   1.2621099e-01   1.1268024e-01   9.4459058e-02   6.9378108e-02
   7.7783807e-01   1.2308010e-01   1.0969465e-01   9.1723543e-02   6.7070490e-02
   8.5367632e-01   1.2007075e-01   1.0685387e-01   8.9156914e-02   6.4944243e-02
   9.3690871e-01   1.1715600e-01   1.0413174e-01   8.6733118e-02   6.2974373e-02
   1.0282562e+00   1.1431101e-01   1.0150426e-01   8.4428951e-02   6.1139386e-02
   1.1285099e+00   1.1151321e-01   9.8950132e-02   8.2223767e-02   5.9420584e-02
   1.2385382e+00   1.0874272e-01   9.6450471e-02   8.0099658e-02   5.7801465e-02
   1.3592941e+00   1.0598272e-01   9.3988966e-02   7.8040839e-02   5.6267824e-02
   1.4918236e+00   1.0321950e-01   9.1552017e-02   7.6033772e-02   5.4807065e-02
   1.6372746e+00   1.0044218e-01   8.9128210e-02   7.4066699e-02   5.3408037e-02
   1.7969068e+00   9.7642802e-02   8.6708326e-02   7.2129437e-02   5.2060795e-02
   1.9721030e+00   9.4815841e-02   8.4285160e-02   7.0213447e-02   5.0756738e-02
   2.1643806e+00   9.1958039e-02   8.1853152e-02   6.8311339e-02   4.9487785e-02
   2.3754051e+00   8.9068179e-02   7.9408341e-02   6.6416876e-02   4.8246896e-02
   2.6070041e+00   8.6146819e-02   7.6948190e-02   6.4524898e-02   4.7027662e-02
   2.8611838e+00   8.3195968e-02   7.4471330e-02   6.2631154e-02   4.5824328e-02
   3.1401457e+00   8.0218679e-02   7.1977222e-02   6.0731902e-02   4.4631284e-02
   3.4463061e+00   7.7219190e-02   6.9466367e-02   5.8824233e-02   4.3443525e-02
   3.7823166e+00   7.4202662e-02   6.6940168e-02   5.6906012e-02   4.2256436e-02
   4.1510878e+00   7.1174995e-02   6.4400738e-02   5.4975594e-02   4.1065627e-02
   4.5558138e+00   6.8142648e-02   6.1850830e-02   5.3031961e-02   3.9867031e-02
   5.0000000e+00   6.5112603e-02   5.9293871e-02   5.1074687e-02   3.8656839e-02
